// ISPEL: Captura dual tomada 10-7-2024
// ===============================================
// Enviamos configuracion de capturadora, entradas y seniales
MSJ CAPTU CONFIGURADO ESCALA=0.002500 ORIGEN=E1 PROM=16
MSJ CAPTU E1 CONFIGURADA ENCENDIDA=SI ESCALA=3.300 NIVEL=1.000 FLANCO=SUBIDA
MSJ CAPTU E2 CONFIGURADA ENCENDIDA=SI ESCALA=3.300 NIVEL=2.000 FLANCO=SUBIDA
MSJ CapturasSincronizadas=16 TiempoCaptura=132 FM=2400000 LARGO=6000 DISPARO=1500
DATOS E1 E2 {
4063	3822
4073	3824
4067	3825
4065	3822
4065	3824
4067	3826
4066	3824
4066	3823
4065	3827
4065	3821
4065	3822
4065	3824
4069	3826
4067	3823
4070	3827
4069	3823
4065	3821
4065	3820
4066	3822
4067	3824
4067	3824
4068	3824
4069	3824
4066	3822
4065	3824
4070	3827
4070	3825
4065	3821
4066	3824
4064	3821
4068	3823
4066	3827
4070	3828
4070	3824
4067	3822
4067	3821
4066	3820
4068	3823
4069	3823
4070	3828
4067	3823
4067	3823
4070	3826
4067	3821
4066	3823
4068	3822
4067	3824
4066	3822
4067	3827
4067	3824
4072	3828
4069	3819
4064	3824
4069	3820
4066	3822
4065	3824
4067	3826
4072	3826
4066	3821
4071	3823
4061	3821
4068	3824
4064	3824
4067	3828
4067	3824
4067	3822
4069	3824
4070	3825
4068	3824
4065	3824
4070	3826
4068	3821
4066	3824
4068	3824
4071	3827
4065	3822
4066	3824
4066	3822
4067	3823
4068	3824
4069	3828
4064	3824
4067	3823
4070	3822
4064	3824
4068	3824
4069	3826
4066	3825
4064	3822
4068	3821
4067	3824
4066	3825
4068	3824
4071	3825
4069	3825
4061	3817
4065	3826
4066	3823
4064	3823
4067	3824
4063	3822
4064	3823
4063	3824
4069	3826
4068	3826
4069	3826
4066	3821
4068	3823
4070	3824
4065	3824
4069	3828
4065	3825
4069	3824
4068	3823
4067	3822
4063	3820
4071	3830
4063	3819
4067	3825
4070	3823
4066	3821
4068	3824
4067	3823
4070	3824
4063	3824
4065	3821
4067	3824
4068	3824
4068	3824
4065	3826
4071	3826
4070	3825
4067	3825
4067	3826
4070	3827
4064	3819
4070	3826
4069	3821
4063	3823
4064	3825
4068	3826
4071	3822
4070	3823
4070	3821
4062	3820
4067	3823
4070	3825
4068	3828
4068	3824
4068	3823
4071	3824
4067	3825
4064	3823
4069	3829
4070	3824
4066	3822
4068	3823
4067	3825
4068	3823
4066	3820
4071	3826
4066	3821
4061	3823
4067	3823
4067	3828
4068	3821
4066	3824
4070	3820
4070	3828
4066	3821
4067	3825
4067	3827
4065	3822
4069	3821
4065	3824
4068	3823
4065	3824
4070	3826
4067	3823
4067	3826
4065	3824
4067	3829
4067	3828
4065	3821
4068	3823
4068	3825
4068	3822
4065	3824
4072	3830
4067	3827
4067	3825
4068	3825
4071	3825
4064	3820
4065	3824
4066	3826
4066	3825
4069	3824
4071	3826
4072	3825
4065	3823
4070	3820
4065	3821
4065	3820
4065	3822
4069	3827
4068	3826
4067	3822
4067	3822
4070	3822
4067	3820
4063	3824
4069	3825
4066	3825
4066	3824
4067	3821
4067	3822
4067	3822
4069	3825
4068	3822
4070	3828
4063	3819
4071	3826
4067	3825
4070	3826
4064	3824
4069	3823
4066	3820
4068	3822
4065	3824
4064	3823
4072	3828
4067	3820
4071	3822
4069	3820
4063	3821
4061	3821
4067	3825
4070	3825
4067	3823
4068	3825
4068	3822
4069	3826
4066	3820
4066	3825
4063	3822
4066	3825
4066	3823
4069	3829
4071	3823
4063	3820
4068	3822
4065	3824
4068	3824
4065	3826
4070	3826
4065	3821
4069	3821
4068	3821
4067	3824
4069	3825
4065	3825
4068	3826
4064	3821
4068	3823
4068	3824
4069	3825
4068	3824
4072	3824
4069	3824
4064	3823
4068	3823
4069	3828
4070	3825
4067	3822
4069	3824
4069	3823
4070	3823
4063	3824
4062	3823
4063	3823
4069	3823
4066	3823
4067	3826
4071	3824
4064	3822
4070	3826
4066	3821
4066	3821
4066	3824
4069	3825
4070	3826
4067	3825
4064	3822
4064	3823
4064	3822
4065	3824
4068	3826
4066	3825
4065	3821
349	3169
201	3085
193	3023
192	2967
189	2906
182	2848
177	2791
175	2737
173	2688
170	2634
165	2580
163	2532
159	2480
153	2431
154	2387
147	2335
146	2292
143	2245
141	2202
139	2163
137	2120
133	2075
132	2035
128	1990
126	1954
124	1920
121	1880
120	1846
118	1808
115	1769
112	1738
110	1701
109	1672
107	1639
102	1603
102	1573
98	1539
96	1509
96	1485
93	1453
93	1424
89	1394
87	1365
88	1345
85	1316
83	1289
82	1265
80	1238
77	1211
77	1191
76	1168
75	1146
73	1122
72	1098
71	1080
67	1054
68	1037
66	1016
63	994
61	972
62	958
61	940
62	923
57	901
58	885
54	864
56	847
54	834
55	818
50	800
53	786
50	768
49	754
48	739
47	727
47	713
45	697
45	681
43	670
43	657
42	647
44	634
40	620
41	607
37	592
38	583
38	572
36	562
37	552
37	540
34	528
35	520
36	509
33	498
34	489
30	476
32	471
30	461
31	453
31	445
29	434
27	422
27	419
29	410
27	404
29	397
24	386
25	378
22	369
24	366
25	360
26	356
23	343
24	339
23	330
21	325
21	320
23	317
21	306
20	300
22	295
20	289
21	285
17	278
21	276
14	264
18	262
17	258
20	256
15	246
18	246
17	239
15	233
15	230
18	230
17	222
12	216
16	214
15	207
14	206
12	202
17	202
14	192
13	188
11	183
15	189
11	177
13	182
15	178
13	169
12	164
12	166
14	162
8	158
15	159
10	152
12	152
8	141
12	148
11	143
7	134
9	135
10	136
11	131
9	130
12	130
8	122
10	122
5	115
13	123
8	115
8	115
11	114
8	109
9	104
7	107
11	107
7	105
11	104
5	95
11	99
8	91
9	96
7	95
8	90
6	88
6	86
7	85
5	85
7	84
6	81
9	82
4	75
8	81
8	77
6	76
8	75
6	71
8	69
5	70
7	70
6	70
6	67
6	64
6	65
7	61
6	65
6	62
5	60
5	57
5	59
8	59
7	59
6	57
5	54
4	52
6	51
4	54
7	55
6	54
6	50
5	50
5	44
5	47
3	46
6	51
3	45
5	45
5	41
5	43
4	42
3	43
6	43
3	40
6	41
4	40
9	43
2	38
7	41
4	36
6	36
3	36
5	36
5	37
4	36
5	34
4	32
4	35
4	35
5	33
4	32
6	31
3	28
6	31
4	34
5	32
4	30
5	28
3	24
4	28
4	27
3	29
5	29
3	28
4	25
4	28
5	25
3	27
3	26
2	23
3	26
5	26
5	27
5	27
3	24
2	21
3	21
3	22
5	26
3	25
6	26
2	20
4	17
2	21
4	20
3	22
6	24
4	18
3	20
5	21
3	17
4	24
4	17
4	21
2	17
5	18
5	21
3	20
2	15
4	20
3	16
5	18
4	21
7	21
3	18
4	17
4	15
4	18
2	15
4	20
4	19
3	14
4	15
4	17
4	16
2	15
5	17
3	15
4	14
2	14
4	18
2	16
5	15
3	14
4	15
3	11
4	17
5	20
2	14
5	16
3	10
5	17
3	14
4	18
3	15
4	16
4	10
2	15
4	13
3	15
4	15
2	13
4	15
3	13
4	15
3	15
3	12
2	10
3	13
4	12
2	13
5	16
3	13
3	10
3	10
2	12
3	13
2	13
3	14
4	14
3	9
6	13
4	11
3	14
2	11
2	12
4	11
3	13
4	13
4	14
4	14
2	10
2	8
4	12
2	11
2	15
5	14
4	11
4	11
4	8
5	13
2	13
2	10
4	14
4	10
4	12
4	13
3	11
3	10
1	11
3	8
4	13
3	13
5	15
3	11
3	9
3	8
3	10
3	10
3	12
3	14
4	11
3	9
4	11
3	9
1	9
4	11
2	12
4	10
1	9
6	15
3	11
3	11
4	9
3	12
4	10
2	10
5	15
2	10
3	10
3	9
4	11
2	9
4	13
3	10
3	11
2	4
3	12
4	11
3	12
6	14
4	9
5	7
2	8
4	11
3	12
3	12
4	10
3	10
4	10
2	10
1	10
2	9
3	10
3	8
3	9
4	10
5	11
4	10
4	10
2	7
3	12
4	9
5	14
4	12
2	7
1	7
5	11
3	10
4	13
3	9
4	11
3	7
2	8
6	15
1	7
3	12
2	8
4	9
2	10
2	9
3	10
3	11
5	8
3	7
5	11
2	9
4	13
4	9
4	11
1	5
4	11
4	9
3	12
4	11
3	10
3	6
3	11
3	7
4	12
4	10
3	9
4	10
2	7
4	12
3	11
5	10
3	7
2	9
2	7
3	12
4	12
4	10
3	9
2	5
2	8
4	9
4	12
3	9
3	12
3	6
4	9
3	9
2	9
4	11
3	8
3	8
2	9
3	9
3	11
4	9
3	7
4	9
2	5
3	10
4	13
3	9
4	11
2	7
3	9
1	10
5	12
3	12
5	11
3	7
5	13
3	8
3	12
2	9
4	11
3	7
3	9
5	11
4	9
3	9
3	7
3	8
2	7
3	11
5	10
5	14
1	5
2	9
3	8
2	8
4	14
3	11
3	10
2	6
4	9
3	8
3	10
2	7
5	15
3	6
3	11
5	10
2	9
4	10
2	8
3	10
3	8
3	10
4	9
3	11
2	6
1	7
3	8
3	9
5	12
2	10
4	8
3	7
3	7
2	9
4	13
3	9
4	11
2	5
3	9
3	8
2	9
5	11
2	9
5	8
2	8
2	7
3	11
4	9
3	9
3	9
2	6
3	10
5	12
3	9
2	10
2	7
4	9
5	12
3	10
5	11
3	9
2	6
3	8
3	9
4	9
2	8
2	9
2	7
2	7
2	6
4	13
3	9
1	10
2	8
3	9
5	9
3	9
5	10
3	8
3	7
2	8
7	13
4	9
3	8
2	8
4	7
2	7
2	9
4	12
4	13
5	10
2	6
4	10
0	4
4	11
4	12
3	10
3	8
3	10
6	10
2	9
1	6
3	10
3	7
2	8
5	14
4	11
4	8
2	8
3	5
2	7
2	7
2	12
5	13
3	8
2	8
2	6
2	6
2	7
4	12
3	9
3	6
5	13
2	7
4	10
3	8
3	9
3	10
4	9
3	9
4	13
3	9
3	8
4	7
3	7
2	8
3	11
4	11
3	9
3	8
2	6
4	8
5	11
2	8
4	11
3	9
3	8
3	9
5	10
4	9
4	9
2	8
3	8
3	9
3	10
3	8
2	9
3	7
3	6
3	10
4	9
4	9
3	8
1	6
4	8
2	8
5	12
3	10
4	9
2	6
2	8
3	9
4	10
4	12
3	11
2	7
2	8
3	9
4	10
3	9
3	9
4	9
4	8
3	8
4	11
4	10
2	8
3	7
4	10
3	8
2	11
3	8
3	9
2	8
1	4
4	11
4	9
2	9
5	9
2	8
3	7
3	9
4	9
3	12
2	6
1	6
3	8
2	7
3	11
3	9
6	13
2	6
2	6
3	11
3	10
3	9
3	12
3	7
1	8
5	10
3	7
5	13
1	5
4	9
3	9
3	8
4	11
3	10
4	8
2	6
2	7
2	8
4	11
3	9
4	11
2	8
2	7
2	8
4	10
3	10
3	8
4	10
3	7
4	10
5	11
5	10
2	7
4	8
3	7
2	8
3	10
5	11
3	11
1	5
4	9
2	8
2	8
4	10
4	11
3	7
3	8
6	10
3	10
3	9
4	10
3	7
3	8
3	9
3	11
4	10
2	7
4	10
1	5
3	8
2	8
5	12
3	9
2	8
4	9
3	8
5	9
4	11
4	11
2	4
5	10
3	7
4	10
3	7
3	9
3	7
2	7
5	10
3	11
3	10
3	8
4	9
2	5
2	9
5	9
4	12
5	10
2	9
3	6
1	9
4	9
3	10
2	9
2	5
4	10
2	6
3	10
3	10
3	9
4	8
3	9
5	9
2	9
3	10
3	8
2	8
2	5
3	11
6	11
3	9
6	9
4	8
2	7
2	9
3	10
4	13
3	9
4	7
4	8
3	6
3	8
4	13
4	11
2	8
2	7
4	9
4	8
4	7
4	11
2	8
3	6
2	10
4	11
5	9
3	8
2	7
3	9
2	7
2	8
7	13
2	7
2	6
1	7
4	11
1	7
5	12
4	10
3	7
2	4
4	9
5	11
3	10
3	9
4	9
4	6
2	7
5	11
2	10
3	8
2	9
5	10
3	7
3	9
3	9
2	9
3	8
2	8
5	12
3	8
6	10
2	9
3	5
0	4
3	12
2	7
5	14
4	7
2	7
3	6
2	6
5	11
3	11
5	10
4	11
4	7
4	7
3	10
2	7
2	10
3	8
3	8
4	9
3	8
3	9
1	7
2	7
2	7
3	9
4	10
4	12
3	7
3	8
4	6
1	9
5	10
2	11
4	11
2	6
3	6
2	7
1	6
2	10
3	10
4	8
1	7
5	10
2	8
5	10
3	8
4	10
2	6
3	11
3	10
4	10
3	7
2	7
4	7
4	10
3	7
4	12
3	10
3	6
3	7
3	8
2	8
3	11
2	8
4	9
2	7
2	7
5	12
3	9
2	7
3	9
2	5
4	10
3	10
7	13
3	8
2	6
3	7
4	10
2	7
3	12
3	10
5	8
2	6
2	7
3	8
1	7
4	11
5	10
4	5
3	10
4	11
3	9
3	7
2	6
4	8
3	8
4	10
6	14
1	8
3	7
4	8
2	6
2	8
4	12
4	11
3	9
3	6
6	10
2	7
2	8
4	10
4	10
1	6
4	8
2	10
4	9
3	8
3	7
1	6
4	9
5	10
4	10
4	9
3	7
3	6
2	9
3	7
3	13
4	9
4	9
5	8
3	7
4	11
4	12
2	8
3	10
2	6
4	7
2	8
3	9
3	10
3	8
1	5
5	12
3	8
3	10
6	10
2	5
4	8
1	7
4	10
3	9
3	9
2	9
4	7
3	6
4	11
5	11
3	8
3	7
2	7
4	8
2	7
6	13
3	8
3	8
2	6
5	11
4	8
4	10
5	9
2	8
2	5
3	11
4	9
3	8
4	11
2	7
3	7
3	7
4	8
3	12
3	8
3	9
4	7
2	6
3	8
5	11
3	7
2	8
2	8
4	8
3	8
4	11
4	9
3	8
2	8
5	10
2	9
3	10
3	8
2	9
2	5
4	9
4	10
3	9
4	8
4	9
3	5
2	9
4	8
2	10
4	9
3	8
4	8
4	8
4	8
3	10
2	10
3	8
3	8
4	8
3	9
3	10
2	10
4	9
2	7
4	9
3	9
5	10
2	9
3	10
1	6
3	9
4	9
3	11
2	7
2	9
4	6
1	9
4	9
2	10
4	9
3	7
4	7
2	7
2	7
4	12
3	9
3	7
2	7
2	6
4	9
2	9
3	8
2	8
5	8
3	8
2	7
5	10
3	9
3810	675
3898	756
3901	818
3903	875
3907	936
3907	990
3911	1050
3912	1098
3917	1154
3921	1210
3925	1258
3927	1309
3929	1360
3929	1404
3930	1454
3937	1501
3937	1550
3940	1594
3945	1633
3942	1680
3949	1720
3951	1764
3954	1805
3955	1847
3960	1885
3958	1918
3965	1961
3965	1998
3967	2035
3970	2067
3971	2105
3972	2134
3970	2170
3972	2201
3977	2237
3977	2266
3978	2294
3981	2327
3984	2355
3988	2386
3986	2415
3991	2445
3990	2469
3990	2495
3994	2523
3996	2549
3997	2578
3996	2601
4001	2624
4002	2648
4000	2671
4004	2696
4004	2720
4002	2737
4008	2762
4009	2780
4008	2800
4012	2822
4010	2845
4015	2861
4017	2882
4015	2897
4015	2918
4018	2933
4016	2954
4017	2971
4017	2988
4018	3002
4021	3022
4022	3037
4021	3051
4023	3069
4021	3080
4024	3096
4026	3112
4028	3128
4030	3141
4027	3154
4030	3164
4031	3178
4032	3191
4031	3206
4032	3223
4034	3232
4038	3245
4031	3252
4033	3262
4032	3273
4039	3289
4039	3297
4040	3310
4038	3315
4038	3329
4039	3340
4041	3349
4040	3360
4041	3364
4042	3376
4040	3383
4040	3392
4044	3402
4045	3411
4045	3415
4043	3425
4045	3431
4045	3437
4048	3449
4043	3450
4047	3463
4046	3465
4050	3478
4047	3483
4051	3492
4046	3495
4049	3502
4047	3504
4048	3516
4050	3523
4050	3527
4054	3536
4051	3536
4053	3542
4049	3547
4054	3557
4054	3564
4054	3569
4056	3571
4054	3579
4052	3577
4049	3582
4054	3594
4052	3596
4056	3601
4057	3605
4061	3611
4054	3611
4057	3615
4054	3619
4051	3623
4054	3626
4057	3633
4059	3640
4057	3641
4059	3643
4057	3645
4053	3645
4056	3650
4057	3660
4057	3661
4056	3664
4062	3670
4058	3667
4060	3671
4056	3671
4063	3681
4058	3680
4056	3685
4061	3688
4060	3691
4062	3690
4059	3696
4059	3696
4058	3696
4063	3702
4060	3705
4059	3711
4059	3708
4061	3712
4057	3714
4059	3709
4061	3714
4057	3720
4059	3724
4060	3726
4065	3729
4063	3726
4063	3727
4061	3726
4064	3734
4066	3736
4060	3733
4062	3738
4064	3741
4064	3743
4062	3741
4062	3745
4062	3743
4060	3744
4059	3747
4058	3754
4066	3755
4065	3753
4067	3756
4065	3752
4062	3754
4059	3756
4063	3759
4064	3761
4064	3763
4065	3759
4068	3767
4062	3762
4065	3767
4062	3766
4062	3767
4065	3769
4064	3771
4066	3773
4065	3776
4063	3776
4062	3771
4067	3774
4063	3774
4065	3776
4064	3781
4066	3781
4069	3782
4063	3778
4069	3780
4065	3778
4069	3784
4064	3782
4065	3786
4061	3783
4067	3787
4067	3786
4067	3787
4066	3786
4061	3786
4061	3787
4062	3788
4067	3795
4066	3793
4070	3793
4067	3793
4068	3791
4064	3790
4066	3795
4069	3801
4066	3800
4068	3799
4067	3797
4066	3794
4063	3795
4066	3797
4064	3800
4068	3800
4064	3797
4066	3797
4065	3802
4067	3799
4069	3803
4064	3801
4065	3796
4066	3802
4065	3802
4067	3806
4067	3804
4067	3803
4067	3802
4063	3800
4065	3804
4064	3805
4067	3804
4067	3802
4068	3808
4066	3801
4072	3808
4066	3806
4066	3807
4064	3806
4065	3806
4069	3809
4068	3807
4071	3808
4065	3808
4066	3809
4060	3801
4068	3812
4067	3807
4067	3812
4069	3811
4066	3808
4066	3811
4060	3806
4071	3812
4063	3812
4068	3812
4067	3810
4067	3813
4065	3806
4067	3812
4071	3811
4065	3812
4068	3812
4065	3807
4071	3815
4063	3809
4071	3815
4067	3815
4070	3814
4065	3810
4071	3815
4066	3814
4062	3816
4065	3813
4067	3817
4066	3816
4066	3814
4068	3816
4065	3814
4067	3815
4067	3814
4070	3819
4071	3816
4062	3815
4069	3818
4065	3816
4067	3815
4070	3817
4067	3814
4063	3817
4063	3817
4069	3819
4068	3815
4064	3813
4065	3814
4069	3816
4068	3818
4067	3818
4068	3818
4069	3817
4063	3812
4068	3820
4070	3821
4063	3816
4070	3823
4068	3817
4066	3818
4066	3817
4069	3819
4070	3823
4060	3817
4064	3816
4067	3823
4067	3816
4070	3820
4069	3823
4064	3814
4069	3820
4062	3815
4070	3824
4065	3820
4065	3820
4067	3821
4065	3819
4067	3816
4064	3821
4069	3822
4062	3816
4070	3824
4066	3818
4069	3822
4067	3817
4066	3823
4073	3821
4064	3819
4065	3818
4067	3822
4068	3821
4064	3820
4070	3826
4067	3819
4069	3819
4064	3818
4068	3823
4067	3822
4066	3821
4071	3822
4065	3819
4065	3815
4064	3822
4073	3825
4061	3818
4069	3824
4068	3819
4067	3822
4065	3818
4067	3823
4069	3824
4064	3818
4066	3819
4066	3822
4069	3821
4069	3823
4074	3825
4068	3819
4066	3821
4066	3819
4071	3823
4070	3823
4065	3822
4069	3821
4067	3821
4066	3819
4064	3821
4064	3823
4066	3820
4064	3821
4064	3819
4063	3822
4066	3821
4064	3821
4070	3823
4068	3822
4066	3820
4066	3821
4067	3821
4064	3823
4066	3824
4068	3821
4071	3822
4067	3820
4067	3823
4069	3823
4060	3823
4068	3823
4067	3820
4069	3823
4067	3821
4067	3823
4064	3821
4068	3824
4068	3820
4064	3820
4067	3821
4072	3822
4072	3825
4066	3820
4066	3822
4068	3819
4068	3823
4072	3824
4069	3825
4065	3821
4068	3823
4063	3820
4069	3822
4067	3823
4068	3825
4068	3821
4066	3820
4067	3821
4066	3823
4069	3822
4068	3823
4069	3823
4065	3819
4066	3820
4068	3823
4064	3821
4066	3822
4066	3822
4070	3821
4067	3820
4067	3822
4070	3825
4066	3823
4066	3822
4069	3822
4069	3822
4068	3822
4067	3826
4067	3822
4068	3824
4066	3822
4065	3822
4067	3823
4067	3822
4069	3825
4069	3823
4065	3820
4067	3823
4069	3825
4066	3821
4069	3826
4068	3823
4067	3821
4068	3822
4066	3819
4070	3826
4065	3823
4068	3822
4065	3826
4067	3820
4067	3822
4065	3824
4069	3824
4067	3821
4066	3822
4066	3824
4064	3823
4065	3823
4069	3824
4067	3822
4068	3822
4066	3819
4068	3824
4065	3823
4067	3822
4069	3827
4066	3819
4068	3822
4066	3823
4068	3823
4069	3825
4071	3827
4066	3820
4066	3821
4070	3823
4066	3824
4068	3825
4064	3820
4071	3824
4063	3819
4061	3823
4067	3823
4070	3826
4066	3821
4066	3821
4068	3824
4065	3820
4068	3825
4067	3824
4067	3825
4068	3822
4068	3824
4070	3821
4069	3825
4065	3823
4065	3823
4068	3823
4065	3820
4068	3825
4064	3822
4070	3823
4067	3821
4068	3823
4066	3819
4067	3826
4066	3828
4069	3829
4068	3827
4066	3821
4070	3824
4063	3820
4067	3825
4065	3826
4071	3830
4065	3820
4068	3823
4067	3822
4065	3822
4063	3823
4069	3822
4065	3824
4061	3818
4070	3824
4064	3824
4066	3823
4066	3822
4068	3824
4064	3820
4066	3823
4067	3822
4065	3824
4065	3823
4065	3818
4072	3825
4067	3824
4065	3820
4071	3828
4065	3823
4066	3820
4065	3822
4067	3820
4065	3823
4069	3826
4065	3819
4070	3825
4064	3819
4064	3821
4067	3825
4064	3825
4066	3823
4065	3824
4068	3820
4064	3821
4069	3822
4063	3821
4069	3826
4067	3822
4066	3823
4071	3823
4069	3823
4074	3824
4069	3820
4063	3820
4068	3824
4065	3824
4069	3825
4068	3827
4069	3821
4066	3821
4065	3818
4064	3821
4067	3826
4067	3825
4069	3825
4063	3822
4065	3821
4069	3823
4067	3821
4067	3824
4067	3826
4071	3822
4065	3822
4070	3827
4067	3821
4068	3825
4064	3822
4066	3822
4066	3822
4061	3824
4069	3824
4069	3826
4065	3820
4070	3822
4070	3824
4061	3818
4065	3823
4072	3825
4066	3820
4064	3821
4069	3822
4065	3820
4067	3825
4066	3821
4069	3825
4067	3825
4065	3820
4070	3827
4067	3825
4064	3822
4072	3827
4066	3823
4065	3820
4061	3823
4069	3824
4065	3825
4066	3823
4067	3823
4070	3823
4067	3821
4068	3825
4068	3827
4066	3821
4070	3825
4069	3821
4060	3820
4069	3822
4067	3825
4070	3826
4063	3822
4065	3821
4064	3824
4070	3822
4064	3821
4069	3827
4066	3820
4065	3822
4066	3823
4062	3826
4066	3823
4062	3822
4068	3825
4064	3820
4065	3821
4068	3826
4071	3827
4064	3822
4069	3825
4065	3820
4069	3825
4065	3820
4063	3827
4068	3825
4066	3822
4067	3822
4063	3825
4068	3822
4064	3823
4070	3824
4066	3822
4067	3822
4065	3822
4071	3827
4068	3823
4066	3822
4065	3823
4068	3822
4067	3823
4066	3825
4067	3826
4072	3823
4068	3821
4066	3821
4065	3822
4068	3822
4067	3827
4069	3825
4062	3823
4066	3822
4065	3824
4066	3820
4065	3823
4065	3825
4064	3822
4066	3823
4072	3826
4067	3822
4071	3823
4067	3822
4068	3825
4067	3822
4070	3825
4067	3824
4070	3829
4068	3820
4069	3825
4066	3821
4066	3821
4068	3825
4062	3825
4067	3825
4064	3821
4071	3823
4069	3823
4070	3824
4068	3824
4066	3825
4067	3820
4065	3821
4064	3822
4064	3822
4069	3826
4068	3823
4071	3824
4067	3817
4067	3822
4064	3823
4063	3825
4067	3824
4071	3828
4066	3822
4065	3823
4072	3825
4064	3821
4069	3827
4065	3823
4068	3823
4070	3827
4066	3824
4067	3823
4072	3826
4065	3818
4064	3822
4068	3825
4067	3824
4066	3826
4068	3820
4067	3823
4067	3820
4066	3822
4066	3826
4069	3827
4066	3822
4068	3825
4062	3820
4068	3823
4067	3823
4069	3827
4068	3825
4068	3824
4068	3822
4067	3821
4070	3824
4066	3823
4068	3825
4067	3822
4068	3825
4065	3822
4069	3826
4069	3823
4067	3824
4066	3823
4067	3823
4067	3824
4065	3825
4067	3825
4068	3825
4060	3822
4067	3817
4070	3825
4065	3819
4067	3825
4067	3826
4064	3823
4067	3823
4065	3821
4072	3823
4069	3825
4068	3820
4064	3824
4070	3823
4065	3820
4065	3826
4064	3825
4067	3824
4066	3824
4066	3822
4068	3825
4069	3823
4067	3826
4062	3828
4070	3824
4068	3823
4068	3826
4065	3822
4069	3824
4067	3823
4069	3825
4066	3820
4065	3822
4069	3826
4067	3823
4066	3823
4067	3823
4068	3823
4064	3819
4067	3823
4069	3826
4065	3824
4068	3821
4067	3823
4066	3824
4068	3820
4068	3830
4070	3823
4064	3822
4066	3822
4071	3826
4067	3827
4068	3826
4069	3828
4067	3826
4061	3821
4065	3824
4072	3829
4068	3823
4070	3828
4067	3823
4065	3824
4068	3823
4064	3824
4064	3827
4064	3823
4070	3824
4065	3823
4067	3820
4064	3820
4067	3829
4064	3821
4068	3826
4063	3820
4069	3822
4068	3821
4062	3822
4070	3823
4066	3822
4072	3824
4063	3823
4072	3828
4061	3820
4071	3825
4066	3822
4068	3821
4067	3823
4068	3824
4071	3828
4068	3823
4070	3824
4067	3820
4068	3823
4063	3818
4069	3828
4068	3824
4065	3823
4065	3823
4065	3823
4066	3825
4067	3821
4069	3827
4066	3821
4068	3821
4063	3822
4071	3828
4066	3824
4068	3827
4070	3822
4067	3823
4067	3820
4069	3824
4069	3827
4065	3823
4066	3826
4068	3822
4067	3824
4066	3821
4064	3827
4065	3823
4067	3825
4066	3821
4064	3822
4069	3825
4069	3824
4064	3822
4065	3822
4066	3822
4066	3821
4068	3827
4069	3824
4068	3824
4064	3822
4068	3822
4067	3822
4066	3823
4062	3825
4070	3825
4069	3824
4069	3822
4069	3823
4066	3820
4066	3825
4070	3825
4066	3825
4062	3820
4069	3827
4071	3826
4068	3823
4069	3824
4066	3822
4064	3822
4068	3824
4068	3825
4072	3827
4068	3825
4071	3823
4065	3822
4060	3821
4064	3823
4067	3826
4072	3824
4068	3825
4070	3821
4065	3821
4066	3823
4066	3826
4068	3825
4065	3824
4072	3824
4068	3822
4064	3822
4070	3824
4063	3825
4067	3823
4064	3821
4066	3826
4067	3823
4070	3824
4063	3822
4069	3825
4067	3820
4064	3824
4065	3824
4069	3827
4068	3824
4067	3825
4072	3823
4064	3821
4068	3823
4068	3824
4066	3825
4066	3823
4062	3822
4072	3823
4068	3825
4069	3822
4068	3824
4068	3824
4068	3823
4063	3822
4071	3826
4063	3824
4068	3823
4069	3825
4066	3821
4066	3823
4063	3823
4069	3825
4070	3826
4068	3824
4067	3821
4069	3824
4066	3823
4070	3825
4068	3828
4068	3821
4067	3822
4068	3823
4069	3823
4069	3824
4070	3825
4065	3821
4070	3825
4067	3822
4069	3823
4066	3824
4070	3821
4067	3825
4064	3822
4064	3820
4068	3827
4066	3823
4069	3823
4070	3827
4068	3822
4065	3823
4065	3824
4070	3826
4068	3827
4065	3821
4067	3823
4066	3823
4068	3823
4067	3826
4069	3827
4065	3819
4064	3823
4071	3824
4065	3821
4066	3826
4068	3825
4066	3824
4069	3823
4069	3822
4067	3820
4068	3826
4070	3825
4065	3825
4064	3825
4067	3822
4070	3824
4070	3825
4070	3823
4069	3824
4066	3820
4067	3823
4069	3826
4066	3826
4068	3825
4067	3824
4070	3822
4063	3819
4067	3825
4066	3823
4068	3827
4064	3823
4066	3827
4066	3823
4067	3825
4070	3824
4071	3824
4068	3824
4067	3820
4065	3825
4066	3824
4068	3826
4069	3826
4066	3824
4066	3819
4065	3822
4068	3824
4068	3825
4066	3823
4069	3828
4069	3823
4068	3823
4069	3824
4066	3822
4067	3825
4066	3822
4070	3827
4065	3823
4063	3822
4067	3826
4069	3827
4066	3816
4067	3823
4069	3823
4064	3822
4064	3824
4067	3825
4070	3827
4064	3820
4070	3823
4067	3825
4073	3825
4064	3822
4074	3829
4067	3824
4065	3819
4069	3825
4066	3826
4069	3824
4063	3821
4072	3828
4064	3821
4065	3823
4068	3824
4074	3825
4063	3820
4068	3821
4066	3825
4066	3826
4068	3823
4070	3825
4069	3826
4064	3816
4068	3825
4066	3824
4069	3825
4064	3827
4066	3824
4066	3823
4064	3820
4065	3821
4071	3826
4066	3825
4064	3823
4067	3824
4065	3820
4067	3824
4068	3825
4069	3828
4069	3822
4067	3822
4072	3826
4071	3823
4065	3822
4072	3827
4068	3823
4065	3823
4067	3825
4067	3828
4063	3826
4071	3826
4067	3826
4066	3825
4064	3821
4063	3822
4071	3830
4071	3828
4069	3823
4069	3825
4069	3826
4066	3821
4072	3828
4066	3825
4067	3822
4069	3825
4068	3823
4068	3828
4067	3826
4066	3821
4068	3823
4069	3823
4059	3815
4067	3826
4065	3822
350	3168
200	3085
193	3021
192	2964
185	2903
183	2851
177	2791
177	2739
172	2685
167	2630
166	2581
161	2531
159	2481
156	2434
154	2383
148	2334
148	2294
143	2245
140	2205
138	2161
135	2117
134	2076
128	2032
130	1996
127	1956
121	1915
120	1878
120	1843
117	1808
116	1772
114	1741
112	1704
106	1665
105	1634
105	1604
101	1573
100	1546
97	1510
97	1482
94	1449
92	1423
90	1395
86	1369
87	1343
85	1314
83	1287
80	1263
80	1239
81	1216
77	1191
74	1164
73	1141
74	1121
69	1099
72	1081
66	1054
67	1034
65	1013
64	994
64	978
62	958
61	938
62	922
58	899
57	883
56	866
55	850
54	834
53	818
52	798
51	785
51	769
51	755
47	738
46	724
45	709
46	697
45	686
46	674
43	657
43	642
41	629
39	618
40	608
40	599
40	586
37	573
38	560
37	550
35	539
34	530
33	518
34	509
31	496
34	488
34	483
32	472
31	460
30	452
28	441
28	434
29	429
31	424
28	410
29	403
27	393
25	388
25	378
24	374
26	367
24	358
24	349
23	346
26	340
21	330
25	328
23	317
20	309
20	306
20	304
21	297
19	290
21	284
17	274
21	273
16	265
20	267
15	257
18	254
19	247
17	245
17	238
17	236
17	231
14	225
17	222
17	220
18	217
14	211
17	209
14	198
13	195
12	193
16	194
13	190
12	185
15	182
13	174
12	172
12	169
11	168
10	164
11	161
12	158
12	158
11	150
12	152
13	147
9	140
7	139
12	140
11	138
12	139
9	131
11	131
7	122
9	122
10	123
9	124
10	118
9	119
10	113
8	111
10	112
8	109
9	106
9	105
9	102
8	99
9	102
7	97
8	95
7	93
5	88
8	91
8	90
7	88
9	89
7	84
6	78
7	84
7	81
7	81
7	80
7	76
6	73
5	74
8	74
6	73
6	70
9	70
4	65
6	67
6	65
8	68
7	62
6	62
5	59
4	60
6	60
6	61
9	61
4	54
7	55
6	55
6	52
5	54
7	56
6	52
6	51
4	48
8	53
6	49
4	44
6	48
5	44
4	43
3	47
8	50
5	43
6	43
4	40
3	40
4	40
4	44
5	41
4	41
4	35
5	40
4	36
4	38
5	37
3	37
4	32
3	36
6	37
6	35
4	34
4	31
3	30
4	32
5	35
6	34
5	34
4	29
3	28
4	29
4	28
4	31
3	28
4	32
4	25
5	28
5	26
4	27
4	26
2	26
4	24
4	26
5	27
4	27
4	27
4	22
4	22
6	26
3	22
5	26
3	25
4	22
4	21
5	24
6	23
6	24
3	20
4	21
3	20
3	19
4	23
4	23
5	22
5	20
4	19
3	17
2	17
5	23
3	20
5	20
3	17
5	20
3	18
4	21
3	16
3	17
3	16
3	17
5	20
5	17
4	20
3	17
2	14
3	17
4	18
3	17
5	17
5	18
2	13
3	16
4	16
3	21
4	15
4	15
4	15
3	11
4	16
2	15
3	16
2	13
4	13
5	15
3	16
4	15
4	16
4	16
3	11
5	18
3	15
5	17
4	14
2	15
4	11
3	12
4	14
2	15
4	15
3	11
4	12
3	11
1	11
3	14
3	15
3	12
2	10
4	14
4	13
3	14
2	12
4	14
3	11
4	13
4	15
5	14
3	10
2	10
3	11
3	10
4	15
3	16
5	14
4	13
4	10
2	10
3	11
3	11
6	15
4	14
2	8
4	12
4	11
3	12
2	10
4	14
4	11
4	12
4	12
6	15
4	10
2	10
3	9
3	11
3	12
4	14
4	13
3	10
3	7
3	10
5	11
1	9
4	16
3	10
3	10
3	11
6	13
4	10
2	10
3	11
2	9
4	11
2	12
5	14
3	11
5	11
3	7
2	9
1	7
5	16
3	12
3	10
5	12
3	9
4	8
1	10
4	12
2	10
2	10
2	9
4	14
3	9
4	12
4	11
2	9
4	9
2	12
5	13
2	10
4	12
2	6
3	9
4	10
4	14
5	12
3	10
3	8
2	7
4	9
3	10
4	13
3	9
3	9
3	10
3	11
4	12
3	10
2	11
5	8
2	9
3	9
4	11
4	9
4	14
2	7
4	9
3	10
2	8
2	12
4	9
3	9
4	10
5	12
4	11
3	12
4	9
3	7
2	9
3	10
5	12
3	10
3	8
3	7
3	9
3	9
3	11
4	12
2	7
3	9
3	7
3	10
3	11
5	12
4	11
3	7
4	8
4	9
3	11
2	9
3	11
2	8
3	12
4	11
3	10
5	10
2	7
3	8
3	9
4	11
3	10
3	10
5	9
4	8
3	7
3	9
4	12
2	10
4	12
4	8
4	9
3	9
3	10
5	12
3	8
3	8
3	9
6	10
3	10
5	11
3	7
4	9
2	6
3	10
4	10
2	9
3	11
5	8
3	6
2	11
3	8
4	11
3	10
2	9
3	9
3	10
5	12
3	10
2	6
2	8
4	10
4	8
4	14
5	11
2	9
4	7
2	8
3	8
3	8
3	11
5	13
3	8
2	8
4	10
6	10
1	7
3	8
4	10
1	8
4	10
4	12
4	12
3	7
4	8
5	8
1	7
3	10
3	12
3	10
2	6
3	9
3	9
2	9
3	9
2	9
5	10
2	6
4	11
4	12
4	10
3	9
4	9
4	8
1	6
5	12
3	10
2	9
1	6
6	10
2	7
4	12
5	11
3	9
2	8
4	7
4	11
1	7
4	11
4	11
3	8
3	6
3	10
3	9
2	8
4	10
4	10
3	7
1	7
4	12
5	10
2	8
4	9
3	9
4	9
2	9
6	12
3	10
2	7
3	10
6	12
3	10
3	10
3	9
3	7
2	5
3	9
4	11
3	11
3	11
4	10
4	8
2	7
4	8
3	11
4	9
2	8
5	11
2	7
5	13
3	9
4	9
3	8
3	7
3	8
3	8
3	9
2	8
3	8
2	5
5	14
3	9
6	13
3	9
3	8
3	7
2	8
6	13
3	11
3	9
3	9
2	7
2	6
3	11
4	7
4	11
4	7
4	8
3	10
3	8
4	11
2	9
2	7
1	8
4	10
3	9
4	11
3	9
4	11
1	6
4	10
2	8
3	10
4	9
3	7
4	8
3	8
4	10
2	13
4	9
3	9
4	9
2	8
3	10
5	12
2	9
3	9
3	7
3	9
2	9
3	9
2	8
3	8
2	5
3	9
3	9
4	11
2	8
4	9
4	8
3	7
4	10
3	11
5	10
3	7
4	9
4	9
3	10
4	9
3	10
3	8
1	5
2	11
3	11
5	12
4	9
5	10
1	4
4	10
3	10
4	12
2	9
3	8
3	9
3	7
5	9
4	12
3	7
1	7
4	9
3	7
4	10
3	9
5	11
3	7
2	5
4	10
4	9
4	8
3	10
3	7
2	6
4	11
4	10
5	11
3	9
4	8
3	8
3	8
2	9
4	13
5	10
3	10
3	8
4	5
3	9
2	9
3	9
4	9
4	7
3	10
4	9
2	8
5	11
3	5
3	8
3	8
4	10
4	11
3	8
6	10
2	6
3	8
3	9
4	11
4	10
4	7
3	8
3	7
3	9
5	13
2	7
3	9
3	8
2	8
4	10
3	7
4	10
2	7
4	7
3	10
2	7
5	11
3	9
3	9
3	6
2	8
3	9
4	11
2	9
2	8
3	6
4	11
4	9
3	12
5	9
3	9
3	6
2	7
4	12
3	9
3	9
3	9
4	6
4	8
3	9
4	12
3	7
3	7
4	8
1	7
3	9
2	11
4	11
3	7
4	8
3	9
3	9
4	8
3	12
2	6
2	8
7	12
3	10
4	11
2	6
3	9
3	5
1	8
3	7
2	11
4	9
2	8
4	8
3	6
4	9
5	12
2	9
1	8
4	9
4	7
4	11
4	8
3	11
3	8
1	4
6	12
2	9
4	11
3	7
4	10
3	5
2	8
4	9
3	11
5	11
3	8
5	9
4	10
4	7
2	7
3	11
3	7
3	9
4	9
4	11
6	12
2	8
2	7
1	4
2	7
3	9
3	13
2	10
4	10
2	6
5	9
4	7
2	8
3	8
2	7
3	7
3	9
5	10
2	10
4	7
1	6
3	6
1	6
3	10
5	12
2	9
4	10
3	6
4	10
1	7
5	12
3	8
4	9
3	7
5	12
2	6
4	10
5	10
2	7
2	7
2	8
6	12
2	8
4	10
3	7
4	9
2	5
3	11
5	10
3	8
5	8
1	4
4	8
2	9
4	12
3	8
4	11
3	5
4	11
4	6
3	10
4	10
2	8
4	9
2	9
4	9
3	10
3	9
3	6
2	8
3	8
3	10
4	11
3	9
4	7
2	6
3	7
2	9
4	11
4	10
4	9
3	6
2	7
4	9
2	9
3	10
2	9
4	8
2	7
3	10
4	10
3	8
3	9
2	6
4	7
2	9
5	14
3	9
3	7
5	8
3	10
3	7
4	11
5	11
2	8
3	5
3	9
2	8
2	9
4	10
3	10
3	6
4	8
4	9
4	11
3	8
3	9
3	8
1	6
4	10
4	11
3	7
2	6
4	7
2	6
5	10
3	9
4	12
4	8
4	9
5	10
3	8
2	8
4	10
3	10
2	6
3	10
3	8
3	11
4	8
3	8
2	6
3	7
4	10
5	11
4	9
3	7
3	7
2	7
4	9
3	10
3	10
2	7
3	7
4	8
2	7
3	8
3	10
4	10
1	5
6	11
1	7
5	10
3	10
2	8
3	8
3	9
6	10
3	12
4	8
2	7
3	8
2	7
2	10
4	12
3	9
5	9
3	6
4	8
2	9
3	10
2	11
4	8
4	8
5	8
2	7
3	9
3	10
2	6
3	8
2	7
5	10
3	10
3	8
4	10
2	6
2	7
4	9
3	11
2	9
4	8
5	9
3	10
3	7
4	10
3	9
3	7
3	7
4	8
3	10
5	9
2	8
5	9
2	4
2	6
4	10
4	12
4	10
3	9
3	5
4	9
3	7
4	10
4	10
3	8
3	7
4	7
5	9
2	7
3	9
3	9
3	9
3	7
5	12
4	8
4	11
4	8
2	5
4	9
2	7
4	13
3	9
3	10
3	6
5	9
3	6
4	12
1	6
5	10
3	6
2	8
3	8
3	9
5	12
2	6
3	7
4	7
2	7
3	10
4	10
2	8
2	9
2	7
4	9
5	11
4	6
2	9
2	5
4	11
3	9
3	10
4	12
2	7
4	7
3	6
4	9
4	9
3	7
2	9
3	7
3	6
3	9
3	11
3	8
3	7
3	6
3	8
2	7
4	12
4	10
3	7
2	6
3	8
3	9
3	9
2	7
5	13
3	7
3	6
5	11
3	8
4	10
3	10
4	9
3	8
3	8
4	10
4	11
3	7
4	8
2	8
3813	673
3895	760
3901	820
3902	876
3902	931
3909	990
3912	1047
3917	1101
3920	1159
3921	1208
3922	1258
3924	1308
3931	1359
3933	1409
3934	1456
3937	1501
3937	1549
3940	1590
3942	1637
3951	1685
3945	1723
3955	1763
3953	1803
3953	1842
3958	1884
3959	1924
3962	1963
3964	1998
3963	2031
3970	2066
3968	2101
3969	2136
3974	2171
3974	2202
3976	2236
3979	2268
3984	2298
3983	2330
3985	2359
3986	2384
3991	2416
3985	2443
3991	2472
3994	2499
3995	2524
4000	2551
3993	2570
3994	2596
3997	2624
4002	2647
4003	2670
4006	2696
4000	2713
4008	2737
4001	2757
4009	2782
4008	2801
4008	2821
4012	2842
4012	2862
4013	2880
4016	2901
4018	2921
4017	2934
4017	2953
4020	2968
4018	2986
4018	3005
4016	3024
4024	3037
4021	3051
4025	3065
4026	3080
4029	3100
4027	3109
4026	3128
4026	3136
4029	3151
4031	3171
4032	3180
4032	3194
4034	3205
4034	3215
4033	3229
4037	3241
4034	3253
4039	3269
4033	3271
4039	3286
4036	3295
4039	3307
4041	3318
4043	3327
4042	3338
4037	3344
4038	3354
4042	3365
4043	3376
4040	3382
4043	3393
4041	3399
4046	3410
4046	3415
4046	3427
4043	3432
4046	3439
4048	3448
4043	3455
4049	3465
4045	3468
4048	3478
4047	3484
4048	3490
4047	3493
4051	3507
4051	3508
4050	3515
4051	3524
4045	3528
4054	3533
4051	3540
4055	3547
4052	3551
4053	3555
4052	3561
4053	3567
4053	3570
4055	3578
4050	3581
4057	3585
4051	3587
4057	3596
4052	3596
4055	3604
4058	3609
4054	3611
4053	3616
4053	3617
4054	3626
4055	3630
4061	3636
4058	3640
4057	3641
4056	3641
4055	3650
4055	3652
4058	3658
4059	3660
4055	3661
4063	3665
4057	3663
4059	3672
4055	3672
4055	3675
4058	3678
4059	3682
4061	3687
4056	3685
4063	3692
4060	3692
4058	3692
4054	3695
4064	3703
4058	3702
4063	3705
4057	3702
4063	3708
4060	3708
4056	3711
4067	3719
4056	3717
4062	3719
4060	3716
4065	3723
4058	3724
4064	3728
4060	3730
4065	3732
4060	3728
4060	3731
4063	3734
4063	3736
4063	3739
4061	3738
4064	3745
4062	3741
4063	3745
4059	3747
4062	3749
4062	3748
4063	3752
4064	3753
4060	3754
4065	3758
4059	3757
4066	3757
4066	3759
4062	3759
4062	3762
4068	3766
4062	3762
4065	3766
4062	3761
4064	3764
4057	3764
4063	3768
4064	3772
4067	3771
4062	3772
4065	3773
4060	3771
4063	3774
4067	3777
4065	3777
4063	3779
4061	3775
4063	3783
4064	3781
4065	3782
4066	3784
4065	3781
4066	3780
4062	3785
4066	3784
4065	3785
4065	3784
4065	3786
4063	3786
4063	3786
4064	3793
4065	3789
4065	3787
4067	3791
4065	3787
4064	3793
4060	3794
4067	3796
4067	3796
4067	3791
4066	3795
4068	3795
4062	3794
4066	3799
4066	3796
4063	3795
4065	3798
4064	3796
4074	3803
4065	3799
4063	3796
4063	3800
4066	3798
4064	3801
4068	3803
4064	3800
4066	3803
4064	3799
4066	3801
4067	3803
4066	3804
4068	3804
4064	3804
4066	3802
4065	3803
4069	3805
4067	3805
4069	3809
4065	3804
4068	3806
4065	3804
4067	3808
4066	3809
4067	3811
4069	3809
4065	3808
4067	3807
4061	3808
4066	3809
4065	3811
4069	3812
4065	3806
4072	3810
4067	3809
4067	3807
4067	3812
4065	3808
4069	3813
4064	3809
4070	3813
4065	3812
4064	3812
4067	3811
4068	3812
4065	3810
4065	3814
4066	3814
4066	3814
4071	3815
4065	3811
4066	3809
4064	3811
4068	3813
4066	3814
4065	3813
4066	3815
4065	3814
4065	3812
4068	3819
4071	3816
4062	3812
4065	3816
4068	3814
4068	3814
4070	3821
4069	3820
4068	3815
4068	3815
4068	3815
4072	3816
4067	3814
4067	3818
4066	3817
4064	3816
4071	3818
4067	3819
4065	3813
4065	3814
4070	3817
4059	3814
4068	3816
4065	3818
4066	3820
4069	3819
4066	3816
4070	3819
4064	3817
4068	3816
4067	3821
4071	3823
4064	3815
4068	3818
4064	3815
4064	3818
4065	3818
4067	3821
4070	3822
4068	3820
4064	3815
4069	3820
4068	3817
4067	3820
4070	3820
4065	3820
4067	3818
4069	3820
4069	3822
4067	3821
4066	3818
4067	3821
4065	3819
4067	3820
4065	3822
4069	3822
4065	3820
4070	3821
4067	3820
4068	3821
4067	3819
4065	3819
4064	3820
4068	3821
4065	3817
4067	3823
4065	3820
4072	3823
4067	3819
4064	3816
4067	3819
4066	3820
4069	3822
4066	3823
4071	3821
4066	3821
4067	3816
4069	3820
4068	3822
4067	3819
4071	3825
4067	3822
4066	3822
4069	3821
4071	3821
4068	3820
4065	3819
4065	3820
4066	3822
4067	3822
4069	3825
4070	3825
4069	3821
4069	3821
4067	3818
4066	3822
4067	3820
4066	3825
4063	3819
4068	3823
4063	3818
4067	3822
4062	3819
4068	3822
4067	3819
4066	3819
4066	3820
4067	3823
4072	3824
4070	3824
4072	3825
4063	3818
4065	3821
4064	3817
4070	3825
4069	3825
4068	3823
4068	3822
4069	3821
4065	3820
4065	3820
4065	3820
4063	3820
4069	3822
4067	3820
4069	3826
4064	3821
4070	3826
4069	3820
4067	3822
4068	3818
4065	3820
4062	3822
4068	3827
4069	3823
4065	3822
4064	3818
4066	3819
4066	3821
4067	3823
4069	3824
4067	3821
4069	3821
4069	3825
4069	3823
4065	3820
4066	3826
4068	3826
4064	3823
4066	3824
4067	3827
4062	3822
4064	3822
4068	3823
4064	3823
4067	3820
4065	3824
4072	3828
4067	3819
4069	3826
4068	3820
4068	3825
4066	3822
4064	3825
4067	3823
4065	3822
4065	3821
4068	3826
4065	3820
4067	3824
4071	3823
4066	3817
4067	3822
4063	3819
4069	3823
4068	3824
4068	3822
4065	3823
4066	3819
4065	3818
4069	3824
4063	3820
4065	3821
4066	3820
4066	3819
4068	3824
4067	3821
4065	3824
4067	3821
4067	3822
4064	3820
4066	3822
4066	3821
4069	3825
4065	3821
4070	3823
4064	3821
4067	3821
4067	3824
4069	3825
4070	3826
4067	3823
4067	3823
4064	3821
4067	3824
4066	3823
4070	3825
4063	3822
4065	3821
4067	3822
4069	3824
4068	3824
4064	3818
4064	3823
4065	3820
4069	3823
4068	3822
4069	3825
4070	3822
4068	3820
4067	3822
4065	3820
4067	3822
4065	3822
4069	3826
4065	3821
4066	3819
4069	3823
4065	3823
4066	3823
4065	3820
4065	3825
4065	3820
4069	3825
4071	3827
4069	3824
4069	3823
4067	3822
4065	3823
4062	3821
4068	3826
4070	3826
4066	3824
4069	3823
4064	3822
4066	3821
4062	3819
4068	3825
4068	3825
4066	3823
4063	3819
4070	3824
4066	3821
4063	3821
4069	3821
4070	3822
4066	3820
4063	3820
4071	3826
4067	3827
4063	3819
4069	3824
4068	3822
4061	3818
4068	3823
4068	3825
4066	3823
4062	3822
4066	3824
4070	3828
4059	3820
4067	3821
4067	3826
4068	3818
4062	3819
4067	3824
4066	3825
4067	3825
4069	3825
4065	3823
4067	3819
4064	3816
4068	3827
4067	3825
4061	3822
4072	3828
4067	3823
4070	3822
4066	3821
4071	3826
4062	3822
4069	3823
4067	3823
4067	3826
4064	3818
4072	3826
4068	3822
4062	3821
4066	3821
4062	3822
4067	3827
4062	3820
4072	3825
4070	3824
4066	3819
4066	3821
4070	3828
4068	3825
4067	3823
4070	3823
4067	3820
4067	3822
4063	3819
4066	3827
4063	3822
4067	3822
4070	3825
4067	3823
4065	3822
4065	3826
4070	3823
4070	3823
4066	3822
4064	3820
4070	3826
4067	3824
4067	3824
4071	3826
4068	3819
4066	3825
4067	3823
4072	3823
4069	3827
4070	3823
4064	3820
4068	3826
4066	3822
4068	3825
4067	3822
4064	3819
4068	3823
4062	3818
4067	3823
4070	3830
4065	3819
4066	3822
4067	3822
4069	3821
4063	3823
4067	3827
4064	3826
4069	3826
4068	3823
4067	3823
4070	3824
4068	3819
4067	3827
4067	3822
4069	3821
4064	3821
4068	3826
4065	3822
4065	3823
4068	3823
4065	3819
4064	3820
4065	3821
4072	3829
4063	3819
4067	3825
4066	3824
4065	3821
4066	3820
4071	3825
4070	3824
4064	3823
4070	3823
4066	3824
4072	3828
4067	3820
4071	3829
4064	3822
4062	3817
4069	3824
4062	3825
4065	3824
4070	3825
4069	3822
4062	3820
4066	3823
4062	3822
4068	3828
4063	3820
4067	3824
4069	3821
4066	3823
4066	3823
4067	3825
4066	3826
4068	3824
4067	3820
4064	3822
4069	3821
4064	3824
4067	3826
4063	3822
4064	3824
4067	3821
4064	3823
4070	3825
4069	3821
4067	3826
4067	3822
4071	3826
4065	3823
4069	3823
4067	3822
4067	3823
4062	3819
4068	3826
4065	3821
4069	3826
4066	3821
4064	3820
4068	3824
4066	3820
4065	3826
4069	3827
4069	3825
4068	3822
4066	3820
4063	3821
4065	3825
4067	3823
4068	3828
4068	3824
4066	3819
4073	3827
4068	3820
4068	3823
4068	3823
4065	3825
4065	3821
4063	3822
4070	3824
4068	3826
4065	3820
4064	3823
4066	3822
4065	3822
4063	3825
4068	3823
4071	3825
4065	3821
4069	3823
4066	3821
4070	3825
4069	3826
4072	3829
4066	3824
4067	3825
4068	3825
4064	3823
4066	3829
4067	3825
4074	3828
4066	3822
4066	3824
4063	3822
4064	3825
4067	3823
4072	3828
4070	3822
4067	3821
4066	3825
4068	3823
4069	3827
4064	3821
4070	3826
4071	3823
4066	3822
4068	3823
4066	3824
4066	3820
4066	3821
4067	3825
4066	3822
4070	3827
4067	3821
4070	3823
4056	3816
4067	3823
4065	3822
4066	3824
4069	3823
4069	3825
4068	3820
4066	3820
4067	3825
4065	3821
4068	3823
4069	3822
4068	3825
4062	3816
4071	3829
4071	3825
4066	3824
4069	3821
4068	3823
4065	3822
4062	3823
4071	3826
4062	3826
4066	3823
4064	3820
4072	3828
4066	3819
4068	3825
4067	3822
4064	3823
4069	3821
4065	3824
4066	3822
4067	3825
4071	3825
4066	3823
4071	3824
4066	3819
4070	3825
4062	3824
4068	3825
4063	3821
4070	3824
4067	3821
4066	3825
4067	3824
4068	3825
4063	3822
4066	3824
4067	3822
4067	3823
4065	3823
4062	3824
4069	3826
4064	3822
4065	3825
4064	3823
4065	3825
4065	3823
4072	3827
4064	3818
4066	3823
4067	3822
4070	3825
4068	3825
4065	3822
4070	3824
4060	3818
4069	3823
4063	3823
4067	3825
4066	3823
4067	3825
4070	3824
4070	3825
4072	3824
4065	3824
4071	3824
4064	3819
4066	3825
4066	3823
4072	3829
4068	3825
4065	3821
4067	3822
4060	3816
4061	3823
4064	3823
4068	3826
4068	3823
4069	3823
4070	3821
4068	3823
4067	3822
4068	3826
4069	3824
4064	3821
4067	3824
4064	3822
4072	3825
4068	3824
4070	3826
4064	3821
4063	3819
4068	3824
4067	3825
4065	3823
4068	3824
4065	3825
4063	3819
4066	3824
4064	3822
4068	3824
4068	3821
4067	3824
4070	3827
4066	3823
4067	3824
4065	3823
4067	3824
4065	3817
4068	3826
4069	3824
4063	3824
4069	3827
4072	3827
4068	3821
4065	3819
4069	3823
4067	3823
4068	3825
4062	3821
4066	3826
4069	3822
4067	3824
4066	3825
4062	3823
4067	3819
4064	3823
4067	3824
4066	3827
4070	3826
4066	3828
4072	3826
4067	3821
4065	3821
4067	3821
4064	3827
4063	3820
4064	3829
4068	3822
4067	3821
4063	3823
4066	3825
4065	3822
4062	3820
4070	3824
4064	3822
4064	3824
4065	3823
4074	3831
4063	3820
4064	3824
4064	3820
4069	3824
4066	3824
4069	3825
4068	3826
4063	3821
4068	3821
4063	3823
4068	3825
4063	3820
4074	3827
4070	3821
4067	3823
4065	3824
4068	3824
4068	3826
4064	3821
4068	3823
4063	3824
4068	3824
4070	3826
4072	3828
4065	3820
4067	3824
4064	3821
4067	3823
4066	3824
4067	3824
4069	3825
4069	3824
4066	3821
4069	3826
4066	3824
4068	3823
4071	3826
4064	3819
4068	3823
4068	3823
4069	3827
4068	3824
4067	3822
4067	3821
4064	3821
4066	3823
4062	3823
4072	3828
4068	3819
4069	3828
4067	3821
4065	3821
4063	3823
4070	3827
4068	3825
4065	3824
4070	3824
4066	3821
4067	3823
4066	3822
4066	3826
4064	3819
4070	3825
4065	3824
4068	3826
4065	3822
4068	3824
4062	3823
4063	3820
4069	3827
4065	3826
4066	3822
4068	3824
4065	3825
4065	3820
4065	3824
4070	3826
4067	3825
4065	3824
4067	3823
4066	3822
4065	3823
4066	3823
4068	3829
4068	3823
4065	3820
4065	3821
4066	3823
4064	3824
4066	3828
4070	3827
4066	3822
4068	3821
4067	3823
4067	3821
4064	3822
4071	3826
4065	3824
4068	3824
4065	3824
4066	3825
4067	3823
4066	3823
4067	3823
4060	3822
4066	3822
4066	3826
4071	3828
4066	3822
4069	3823
4066	3822
4064	3822
4068	3824
4069	3826
4067	3822
4066	3823
4066	3819
4068	3825
4069	3826
4067	3827
4069	3828
4071	3827
4066	3821
4066	3825
4068	3826
4064	3824
4069	3827
4067	3826
4068	3826
4066	3822
4064	3826
4067	3824
4069	3824
4067	3824
4067	3824
4069	3825
4062	3823
4069	3829
4067	3825
4068	3822
4066	3820
4068	3824
4066	3821
4063	3822
4068	3822
4067	3824
4066	3820
4066	3821
4071	3827
4063	3821
4068	3824
4070	3824
4070	3825
4068	3822
4068	3823
4068	3826
4066	3823
4066	3819
4070	3826
4066	3823
4067	3822
4066	3828
4068	3822
4067	3822
4065	3820
4068	3826
4064	3825
4067	3825
4069	3826
4068	3824
4066	3818
4066	3823
4067	3825
4065	3821
4067	3826
4070	3823
4067	3820
4065	3822
4069	3823
4068	3825
4065	3823
4070	3825
4066	3825
4066	3823
4066	3824
4066	3828
4065	3821
4063	3823
4070	3823
4066	3823
4068	3825
4067	3823
4068	3825
4063	3820
4063	3820
4068	3826
4067	3825
4065	3824
4065	3826
4069	3823
4064	3822
4069	3825
4068	3825
4068	3825
4064	3820
4065	3823
4066	3821
4067	3825
4067	3824
4064	3826
4067	3821
4065	3822
4062	3818
4066	3825
4067	3825
4067	3825
4073	3830
4064	3822
4068	3823
4065	3822
4067	3822
4066	3824
4066	3825
4069	3821
4068	3828
4070	3822
4066	3823
4073	3828
4060	3817
4070	3825
4064	3821
4069	3826
4067	3827
4066	3829
4074	3823
4066	3825
4068	3820
4067	3823
4069	3826
4066	3823
4069	3828
4067	3824
350	3167
196	3080
194	3023
190	2964
186	2907
182	2847
176	2791
176	2739
170	2684
169	2635
167	2580
164	2529
158	2479
155	2432
152	2383
152	2342
146	2292
146	2248
139	2198
139	2161
135	2118
133	2078
130	2035
127	1995
127	1953
124	1917
123	1884
119	1843
119	1810
111	1768
112	1736
111	1702
108	1670
105	1638
105	1606
102	1572
99	1539
97	1511
96	1479
95	1456
92	1423
91	1397
88	1368
86	1340
85	1315
84	1291
80	1262
79	1239
80	1214
77	1192
78	1170
76	1145
76	1122
69	1099
69	1074
67	1056
69	1039
66	1017
66	997
63	976
60	952
61	938
58	918
59	904
58	886
56	868
56	848
57	834
52	814
51	802
53	786
49	769
51	755
48	738
48	727
48	712
46	698
45	683
42	666
43	657
43	643
42	633
42	620
38	608
40	594
38	582
40	574
38	562
36	552
36	540
33	529
36	517
34	512
35	501
33	490
33	479
31	469
31	461
29	452
31	446
30	434
28	427
27	415
28	411
27	402
27	397
27	385
26	382
23	367
23	366
26	360
24	354
25	348
23	337
23	330
23	326
22	318
21	313
22	313
18	297
20	297
21	290
20	285
20	280
19	276
21	270
17	259
18	257
17	253
17	251
18	244
18	242
15	231
14	229
15	223
18	225
15	216
11	211
16	210
15	206
16	204
13	200
15	196
12	187
13	185
14	184
15	183
11	178
13	177
15	172
10	162
12	162
9	161
14	161
9	154
13	154
10	147
11	145
11	143
12	146
11	138
7	136
10	135
9	132
10	129
9	128
11	126
7	122
8	119
9	117
11	119
6	111
10	114
10	110
4	102
9	105
7	103
10	108
6	100
10	101
7	94
8	95
7	91
7	93
10	93
5	88
9	89
7	86
10	86
7	82
8	83
7	80
5	78
6	76
8	78
8	77
7	73
8	74
6	68
5	68
6	69
8	71
7	68
5	66
7	63
5	62
7	62
6	64
7	64
6	58
5	57
6	56
6	56
6	56
5	57
5	54
4	52
5	52
5	53
7	52
4	50
7	52
7	48
7	49
5	48
7	51
5	47
4	42
4	42
4	43
2	39
5	44
7	44
4	40
3	37
5	38
6	39
3	38
5	39
4	39
5	37
4	33
7	40
4	35
4	35
5	37
3	33
5	33
2	30
8	39
3	31
5	34
4	29
6	33
4	29
5	33
5	31
4	29
4	28
3	25
8	33
2	26
5	31
2	26
5	27
3	22
4	28
6	27
4	27
5	28
3	23
6	26
4	23
6	26
3	22
5	26
2	20
4	24
3	24
5	26
5	23
4	21
3	19
3	21
5	23
2	23
5	25
4	19
3	21
4	17
3	19
3	20
2	19
4	20
3	17
3	17
5	21
3	18
5	21
4	19
4	15
4	18
3	18
6	22
4	22
5	20
4	16
4	15
3	15
3	17
2	17
5	19
4	16
4	16
4	16
2	15
4	19
2	15
4	16
4	15
4	17
4	16
4	17
3	12
2	13
4	15
3	14
7	19
3	14
3	15
3	11
4	11
4	14
3	15
4	16
4	16
4	14
3	8
4	17
3	13
3	15
4	17
2	11
4	14
3	16
7	16
4	16
2	11
2	9
4	14
2	10
4	16
3	17
4	13
2	9
2	10
3	10
3	12
4	14
5	16
5	14
3	10
4	15
3	13
3	13
3	11
4	13
3	10
4	14
4	14
3	13
4	13
2	10
4	12
3	11
4	12
4	13
5	14
3	10
1	10
3	12
2	12
4	14
3	11
3	11
2	6
3	12
6	15
2	12
4	13
2	9
5	10
5	11
1	10
4	11
2	10
4	9
3	11
5	14
3	9
4	12
4	10
3	8
2	7
3	13
3	12
3	13
4	12
2	9
3	9
3	11
3	11
5	15
4	13
2	8
3	11
4	9
3	9
4	12
4	10
3	10
2	8
2	9
3	13
1	9
3	11
4	11
2	6
3	9
5	12
2	11
4	12
3	8
5	10
3	10
3	10
5	13
2	9
1	7
3	10
4	10
4	10
2	12
3	10
4	10
3	7
2	10
4	10
2	8
4	10
2	10
3	7
4	12
5	12
3	10
4	10
3	8
1	9
6	12
2	9
6	17
2	10
3	6
3	10
3	9
4	9
3	13
6	12
2	7
5	11
3	8
4	13
2	8
4	10
5	11
0	5
3	10
2	11
5	13
2	7
6	12
3	5
4	12
4	8
2	11
4	11
1	5
4	9
2	10
4	10
3	11
6	14
3	6
4	10
3	6
3	11
4	11
2	10
3	11
4	8
5	10
3	8
4	11
1	6
3	9
2	7
3	11
3	11
3	11
3	8
3	8
3	6
3	7
5	13
2	9
3	11
4	9
4	7
2	9
3	8
4	12
3	10
4	8
3	8
3	11
4	9
4	14
4	10
3	9
4	9
2	8
3	10
4	10
3	9
2	8
3	6
3	10
3	9
4	12
3	8
2	9
3	7
3	8
4	11
4	13
4	10
4	11
3	9
2	7
5	12
3	8
4	12
2	10
4	8
3	9
3	9
4	10
2	8
2	7
3	7
4	11
2	8
3	13
3	9
3	8
3	6
3	10
5	12
3	10
4	10
3	10
3	7
2	7
5	12
3	9
4	9
3	8
4	8
3	7
2	10
4	11
4	11
2	6
2	8
5	10
1	5
5	14
3	10
4	9
2	7
6	11
3	8
3	9
3	10
2	10
3	7
3	8
5	11
1	7
3	8
2	7
3	8
2	8
4	12
3	11
2	8
3	8
1	6
5	10
1	9
4	13
3	11
5	9
3	8
3	8
4	9
2	11
2	7
2	10
3	8
3	9
3	9
3	12
3	7
3	8
4	7
3	10
2	9
4	11
3	10
3	8
1	5
3	7
2	10
4	8
3	11
3	10
3	5
2	8
5	11
3	8
3	10
3	8
3	7
4	11
3	10
2	8
5	13
4	8
3	8
3	10
3	9
4	14
5	10
2	7
2	6
2	8
2	8
5	12
2	8
5	10
2	6
4	8
3	6
3	12
3	8
3	9
4	9
2	9
4	9
2	9
5	11
2	8
3	7
3	8
4	12
3	10
4	8
6	9
3	7
3	7
3	9
8	16
2	8
5	11
2	6
4	11
2	7
4	12
4	11
2	8
5	9
3	9
4	9
2	8
4	11
3	7
3	8
3	8
3	11
3	8
2	9
2	7
1	5
3	9
2	7
4	13
2	7
3	9
1	5
3	9
3	7
4	12
3	9
3	11
2	8
4	10
5	10
4	8
4	10
2	7
3	9
4	11
5	11
4	9
2	7
4	7
2	5
3	8
1	9
5	13
5	10
5	10
4	6
3	7
3	8
3	13
4	11
2	7
1	7
4	9
3	8
4	10
3	11
3	7
3	8
3	9
4	9
3	10
2	7
5	11
2	5
3	6
2	9
4	12
1	5
4	10
5	9
2	8
3	9
4	11
4	10
2	5
3	8
3	9
3	9
4	10
2	10
5	10
2	5
3	7
3	9
4	10
2	9
4	11
2	7
3	8
4	8
2	11
2	8
1	7
4	8
4	10
5	9
2	9
5	11
2	7
3	6
3	8
3	9
2	9
3	11
5	10
4	7
4	9
4	7
5	13
3	7
4	10
2	8
2	6
3	10
4	11
3	7
0	6
5	8
1	6
3	10
2	9
4	10
3	9
2	4
4	10
3	9
4	9
3	10
5	11
1	4
4	9
3	8
3	8
3	9
2	7
2	8
2	7
2	8
4	12
6	12
4	8
3	8
3	8
3	9
5	13
3	8
4	12
3	7
3	9
4	9
3	9
2	8
2	7
3	8
2	8
5	11
2	8
5	13
2	6
3	9
2	7
6	13
3	9
2	10
4	10
1	3
4	8
1	5
5	11
2	8
4	8
2	7
3	10
4	7
2	11
5	10
1	6
4	10
1	6
5	11
4	11
3	9
3	8
2	6
2	5
3	11
4	10
2	8
4	10
3	8
4	9
4	8
4	10
3	8
3	9
1	4
4	9
2	8
3	11
4	10
3	8
3	4
2	8
4	9
3	10
5	12
2	7
4	10
3	6
3	9
5	9
2	8
}
MSJ Captura escrita en 2298 ms.
// ===============================================
