// ===============================================
// Enviamos configuracion de capturadora, entradas y seniales
CAPTU E1 CONFIGURADA ENCENDIDA=SI ESCALA=10.000 NIVEL=2.000 FLANCO=SUBIDA
CAPTU E2 CONFIGURADA ENCENDIDA=SI ESCALA=10.000 NIVEL=2.000 FLANCO=SUBIDA
CAPTU CONFIGURADA ESCALA=0.002000 ORIGEN=E1 PROM=16
CAPTU INFO PROMEDIADAS=16 CAPTURA_MS=98 FM=2000000 MUESTRAS=4000 DISPARO=2000
DATOS E1 E2 {
2425 2414
2429 2417
2429 2420
2431 2422
2432 2423
2432 2427
2437 2427
2435 2431
2437 2429
2439 2433
2441 2433
2444 2437
2447 2436
2450 2438
2453 2441
2457 2444
2460 2446
2463 2450
2465 2452
2469 2455
2471 2458
2474 2460
2476 2462
2478 2465
2481 2467
2484 2470
2488 2474
2491 2477
2494 2481
2497 2483
2499 2485
2501 2488
2504 2491
2507 2494
2509 2497
2512 2499
2514 2502
2517 2504
2520 2507
2523 2509
2524 2512
2526 2514
2529 2516
2532 2518
2533 2521
2536 2522
2538 2525
2540 2528
2543 2530
2546 2533
2549 2536
2552 2539
2555 2541
2558 2545
2558 2547
2562 2550
2560 2552
2562 2554
2564 2555
2564 2557
2566 2558
2567 2558
2570 2561
2572 2560
2575 2565
2579 2566
2581 2567
2584 2569
2587 2572
2589 2574
2591 2577
2594 2579
2597 2581
2599 2584
2601 2586
2604 2589
2606 2591
2609 2593
2610 2594
2612 2597
2613 2598
2616 2600
2618 2602
2620 2605
2623 2607
2625 2609
2627 2612
2631 2615
2633 2617
2636 2620
2639 2623
2642 2627
2644 2628
2646 2631
2648 2633
2651 2635
2652 2637
2655 2639
2657 2641
2659 2643
2662 2646
2664 2649
2667 2651
2670 2654
2672 2656
2675 2659
2677 2661
2678 2663
2681 2665
2682 2667
2684 2669
2685 2672
2687 2673
2686 2676
2687 2677
2689 2678
2690 2679
2692 2681
2691 2681
2692 2685
2693 2685
2696 2685
2698 2687
2701 2689
2703 2691
2706 2692
2708 2692
2710 2695
2712 2696
2716 2698
2717 2700
2719 2702
2722 2704
2723 2706
2725 2707
2727 2709
2729 2711
2731 2713
2733 2715
2735 2718
2737 2719
2740 2723
2742 2724
2744 2727
2746 2728
2748 2730
2749 2732
2751 2734
2753 2736
2754 2737
2756 2738
2758 2740
2759 2742
2760 2743
2762 2744
2764 2746
2766 2748
2767 2749
2769 2751
2771 2753
2774 2755
2775 2758
2778 2760
2780 2763
2782 2765
2785 2767
2787 2769
2788 2771
2789 2772
2791 2773
2792 2775
2794 2776
2796 2778
2798 2780
2800 2782
2802 2784
2804 2786
2805 2788
2807 2789
2809 2791
2810 2793
2811 2794
2813 2796
2813 2798
2815 2799
2815 2800
2815 2801
2815 2803
2816 2804
2817 2806
2818 2806
2820 2807
2819 2809
2820 2811
2821 2810
2822 2813
2824 2813
2825 2813
2827 2814
2829 2817
2831 2815
2833 2819
2834 2819
2835 2820
2837 2822
2839 2820
2840 2821
2842 2823
2843 2824
2844 2826
2847 2827
2848 2829
2849 2830
2851 2832
2852 2833
2855 2836
2855 2837
2857 2838
2859 2839
2859 2840
2861 2841
2861 2841
2862 2842
2863 2844
2864 2845
2865 2846
2866 2847
2868 2848
2868 2849
2870 2850
2871 2851
2873 2854
2874 2855
2875 2856
2877 2858
2878 2859
2880 2861
2881 2861
2882 2863
2884 2864
2884 2865
2885 2866
2886 2867
2888 2868
2889 2869
2891 2871
2892 2872
2893 2874
2894 2874
2896 2876
2897 2877
2898 2879
2899 2879
2899 2880
2901 2882
2902 2882
2902 2883
2903 2884
2904 2884
2904 2885
2905 2886
2905 2886
2906 2886
2906 2887
2907 2888
2908 2889
2909 2890
2910 2891
2911 2892
2912 2893
2914 2894
2915 2896
2917 2897
2917 2898
2918 2898
2919 2899
2920 2900
2921 2902
2921 2902
2922 2902
2923 2903
2924 2904
2925 2905
2926 2906
2926 2907
2927 2908
2928 2909
2929 2909
2930 2910
2930 2910
2931 2912
2931 2911
2932 2912
2932 2913
2932 2912
2932 2913
2932 2913
2933 2914
2933 2914
2934 2914
2935 2914
2935 2915
2936 2916
2936 2917
2937 2917
2938 2918
2937 2919
2939 2920
2939 2921
2940 2922
2940 2923
2940 2923
2940 2924
2940 2924
2941 2924
2942 2924
2943 2926
2942 2926
2943 2926
2942 2927
2944 2927
2944 2927
2943 2928
2944 2929
2943 2929
2944 2929
2942 2929
2945 2929
2943 2929
2942 2929
2944 2929
2943 2929
2942 2929
2944 2929
2944 2929
2942 2929
2944 2930
2944 2930
2944 2931
2944 2931
2945 2931
2945 2931
2945 2931
2946 2933
2946 2932
2947 2932
2946 2934
2946 2933
2946 2934
2946 2934
2947 2934
2948 2934
2946 2934
2948 2934
2948 2934
2947 2935
2946 2933
2947 2934
2948 2934
2945 2933
2949 2933
2945 2932
2948 2932
2944 2933
2947 2932
2945 2933
2947 2932
2944 2932
2946 2932
2943 2931
2947 2931
2943 2931
2946 2931
2945 2931
2946 2931
2944 2932
2946 2932
2945 2932
2946 2932
2944 2931
2947 2931
2945 2932
2945 2932
2945 2932
2945 2931
2943 2931
2944 2930
2946 2931
2942 2930
2946 2930
2942 2930
2945 2929
2943 2929
2944 2929
2942 2929
2946 2929
2940 2927
2943 2927
2943 2926
2943 2926
2941 2925
2943 2925
2940 2924
2942 2923
2940 2922
2942 2922
2939 2922
2940 2922
2938 2921
2939 2920
2938 2920
2938 2920
2938 2920
2938 2920
2938 2920
2938 2919
2937 2918
2937 2918
2936 2917
2937 2917
2937 2917
2936 2916
2935 2915
2934 2915
2933 2914
2932 2913
2932 2913
2931 2913
2930 2911
2930 2911
2929 2910
2929 2910
2928 2908
2927 2907
2925 2906
2925 2906
2923 2904
2923 2903
2922 2903
2921 2902
2920 2901
2919 2900
2918 2899
2918 2899
2917 2898
2917 2897
2916 2897
2916 2897
2915 2896
2915 2896
2914 2895
2913 2894
2912 2893
2912 2892
2911 2891
2909 2891
2908 2889
2907 2888
2906 2887
2904 2886
2904 2885
2903 2884
2902 2883
2901 2882
2900 2882
2899 2880
2897 2879
2897 2878
2895 2877
2894 2875
2893 2874
2892 2873
2890 2872
2889 2870
2888 2869
2887 2868
2886 2867
2885 2866
2884 2865
2883 2864
2882 2863
2881 2862
2880 2861
2880 2860
2879 2860
2878 2859
2877 2858
2875 2857
2874 2856
2873 2854
2871 2853
2870 2852
2868 2850
2867 2849
2866 2848
2865 2846
2863 2845
2862 2844
2860 2842
2859 2841
2857 2839
2856 2838
2855 2837
2853 2835
2852 2833
2850 2832
2848 2830
2847 2828
2846 2827
2844 2825
2842 2823
2840 2822
2840 2820
2838 2822
2837 2819
2836 2821
2834 2817
2833 2818
2833 2818
2831 2817
2830 2816
2829 2816
2827 2815
2825 2814
2824 2812
2822 2814
2821 2812
2819 2810
2819 2809
2818 2807
2816 2805
2816 2804
2814 2803
2814 2802
2814 2800
2813 2798
2811 2797
2809 2796
2809 2794
2807 2792
2806 2790
2805 2788
2802 2786
2801 2785
2799 2783
2798 2781
2796 2779
2794 2778
2793 2776
2791 2775
2789 2773
2788 2772
2786 2770
2785 2769
2784 2767
2782 2765
2780 2764
2778 2762
2777 2760
2775 2759
2773 2756
2771 2755
2769 2752
2767 2751
2765 2749
2763 2747
2761 2745
2759 2743
2757 2741
2755 2739
2753 2737
2751 2735
2749 2733
2746 2731
2744 2729
2743 2727
2741 2724
2738 2722
2736 2721
2735 2718
2733 2717
2730 2714
2728 2712
2726 2710
2725 2709
2723 2707
2721 2705
2720 2704
2718 2702
2717 2701
2714 2699
2712 2697
2711 2695
2708 2694
2706 2691
2704 2692
2702 2687
2699 2689
2697 2686
2695 2686
2693 2683
2691 2684
2690 2682
2690 2682
2687 2678
2686 2676
2684 2675
2685 2673
2682 2671
2682 2669
2679 2666
2678 2664
2675 2662
2673 2659
2671 2657
2669 2656
2666 2652
2665 2651
2663 2648
2661 2647
2658 2644
2656 2642
2654 2640
2652 2638
2650 2636
2648 2634
2646 2631
2644 2630
2641 2628
2639 2625
2636 2623
2634 2620
2632 2618
2629 2616
2626 2613
2623 2610
2621 2607
2619 2605
2615 2602
2614 2599
2610 2597
2608 2595
2606 2592
2603 2589
2600 2587
2598 2584
2596 2582
2593 2580
2590 2578
2588 2575
2586 2572
2584 2570
2582 2568
2579 2566
2576 2563
2574 2562
2572 2560
2569 2561
2567 2559
2565 2557
2562 2556
2561 2555
2562 2554
2559 2553
2559 2552
2555 2548
2555 2545
2554 2543
2553 2540
2550 2538
2547 2535
2544 2532
2541 2529
2539 2527
2536 2524
2533 2521
2530 2518
2527 2515
2525 2513
2522 2510
2519 2508
2517 2505
2514 2502
2511 2500
2509 2497
2506 2495
2503 2492
2500 2489
2498 2487
2495 2484
2493 2482
2490 2480
2488 2476
2486 2475
2484 2472
2481 2470
2479 2467
2476 2465
2473 2462
2471 2459
2468 2457
2465 2454
2462 2451
2459 2448
2456 2445
2453 2442
2450 2438
2447 2437
2444 2434
2441 2434
2438 2430
2435 2431
2433 2428
2432 2428
2432 2426
2428 2424
2429 2422
2427 2419
2426 2416
2423 2414
2420 2411
2417 2408
2415 2405
2412 2402
2409 2400
2407 2398
2404 2395
2401 2392
2399 2390
2396 2387
2393 2385
2391 2382
2388 2378
2385 2376
2383 2373
2379 2370
2376 2367
2373 2364
2370 2360
2367 2357
2363 2354
2360 2351
2358 2348
2355 2346
2352 2342
2349 2340
2346 2337
2342 2333
2340 2331
2337 2328
2334 2325
2331 2322
2327 2318
2325 2316
2321 2313
2319 2310
2316 2308
2313 2306
2309 2303
2307 2305
2304 2299
2305 2301
2302 2296
2302 2298
2299 2296
2298 2292
2297 2289
2295 2287
2293 2284
2290 2282
2286 2278
2283 2275
2280 2273
2277 2270
2273 2265
2269 2262
2267 2259
2264 2256
2261 2253
2258 2251
2254 2247
2252 2245
2248 2241
2245 2238
2242 2235
2239 2232
2236 2229
2233 2226
2229 2221
2226 2219
2223 2216
2220 2213
2218 2210
2214 2208
2212 2205
2209 2202
2205 2198
2202 2195
2199 2192
2196 2189
2194 2186
2191 2184
2189 2181
2185 2178
2182 2178
2179 2174
2176 2177
2176 2171
2172 2173
2174 2169
2170 2168
2169 2165
2167 2161
2164 2158
2161 2155
2158 2152
2154 2148
2151 2145
2147 2142
2144 2139
2141 2136
2139 2134
2135 2130
2133 2127
2129 2124
2125 2121
2122 2118
2119 2115
2116 2111
2113 2108
2109 2105
2107 2102
2104 2099
2102 2097
2098 2093
2095 2090
2092 2087
2089 2084
2086 2080
2084 2079
2081 2075
2077 2072
2074 2069
2072 2067
2068 2063
2064 2060
2061 2057
2058 2053
2055 2050
2052 2049
2048 2047
2048 2047
2047 2043
2044 2044
2043 2040
2042 2038
2039 2035
2035 2031
2033 2030
2030 2027
2027 2023
2024 2021
2021 2017
2019 2014
2015 2011
2012 2008
2009 2006
2006 2002
2003 1999
2000 1996
1996 1993
1994 1991
1990 1987
1988 1984
1984 1981
1981 1978
1978 1975
1975 1972
1972 1969
1969 1966
1966 1963
1963 1960
1960 1957
1958 1954
1954 1950
1950 1947
1947 1944
1943 1940
1940 1937
1937 1933
1933 1930
1931 1928
1928 1925
1925 1923
1921 1920
1920 1921
1919 1917
1917 1917
1915 1914
1916 1914
1913 1910
1910 1908
1907 1904
1904 1902
1901 1899
1898 1896
1895 1893
1891 1890
1889 1887
1886 1885
1883 1881
1880 1879
1877 1876
1873 1872
1869 1868
1867 1866
1865 1863
1862 1860
1858 1857
1855 1854
1852 1851
1849 1848
1845 1844
1842 1841
1839 1838
1836 1835
1833 1832
1830 1829
1827 1826
1824 1823
1821 1819
1818 1817
1815 1814
1812 1811
1809 1807
1805 1804
1802 1801
1799 1798
1796 1795
1793 1794
1792 1791
1793 1792
1789 1788
1788 1788
1789 1787
1786 1785
1782 1782
1780 1781
1778 1778
1775 1775
1772 1772
1768 1769
1765 1766
1762 1763
1759 1759
1756 1757
1753 1754
1750 1751
1747 1747
1744 1744
1741 1742
1738 1739
1735 1736
1731 1732
1729 1729
1726 1727
1722 1723
1720 1720
1716 1717
1714 1714
1711 1711
1708 1708
1705 1705
1702 1703
1699 1700
1696 1697
1693 1695
1691 1692
1688 1689
1685 1686
1682 1683
1679 1680
1677 1677
1674 1675
1670 1672
1669 1669
1665 1667
1665 1665
1663 1665
1662 1663
1658 1661
1660 1660
1657 1658
1654 1657
1652 1654
1649 1652
1647 1649
1644 1646
1640 1643
1637 1640
1635 1638
1632 1635
1629 1631
1626 1629
1623 1626
1621 1623
1618 1620
1614 1618
1612 1615
1609 1612
1606 1609
1605 1607
1601 1604
1599 1602
1596 1598
1594 1596
1590 1593
1587 1590
1585 1588
1582 1585
1579 1582
1577 1580
1574 1577
1572 1575
1569 1572
1566 1569
1564 1567
1561 1564
1558 1561
1556 1559
1552 1556
1550 1553
1547 1550
1544 1547
1541 1545
1539 1542
1538 1540
1535 1538
1537 1537
1532 1536
1533 1533
1531 1534
1529 1532
1528 1531
1525 1529
1523 1527
1520 1525
1518 1522
1516 1520
1513 1517
1510 1514
1508 1512
1506 1510
1503 1507
1500 1504
1497 1502
1495 1500
1493 1497
1490 1494
1487 1492
1485 1489
1483 1487
1480 1485
1478 1482
1475 1480
1472 1477
1470 1475
1468 1473
1465 1469
1463 1468
1460 1465
1457 1462
1455 1460
1452 1457
1450 1455
1447 1453
1444 1449
1443 1448
1439 1445
1438 1442
1436 1441
1433 1438
1430 1435
1429 1434
1426 1431
1423 1428
1421 1426
1419 1424
1416 1421
1414 1419
1412 1417
1410 1415
1409 1412
1409 1412
1410 1409
1405 1408
1405 1408
1403 1408
1404 1405
1402 1405
1399 1402
1397 1402
1396 1401
1393 1399
1391 1397
1388 1395
1386 1392
1384 1391
1382 1389
1380 1386
1377 1383
1375 1381
1372 1379
1369 1376
1367 1374
1365 1372
1363 1370
1361 1368
1359 1366
1357 1364
1355 1362
1352 1360
1351 1357
1348 1355
1347 1353
1344 1351
1342 1349
1340 1347
1338 1345
1335 1343
1334 1340
1332 1339
1330 1337
1328 1336
1326 1334
1325 1332
1323 1329
1321 1328
1318 1326
1317 1324
1315 1322
1313 1321
1311 1319
1309 1316
1307 1314
1306 1313
1303 1311
1301 1309
1299 1306
1297 1304
1295 1302
1292 1300
1291 1298
1288 1295
1286 1294
1284 1292
1284 1290
1281 1288
1282 1287
1280 1285
1282 1284
1277 1283
1278 1283
1277 1281
1276 1280
1276 1280
1273 1279
1274 1280
1272 1276
1270 1276
1269 1274
1267 1274
1266 1274
1264 1271
1263 1271
1261 1270
1259 1268
1257 1266
1255 1264
1254 1263
1253 1261
1252 1260
1250 1258
1248 1257
1245 1255
1245 1253
1243 1251
1242 1250
1239 1248
1238 1247
1236 1245
1234 1243
1232 1241
1230 1239
1228 1237
1227 1236
1225 1234
1224 1233
1223 1231
1221 1230
1220 1229
1217 1227
1216 1225
1215 1224
1214 1223
1212 1222
1211 1221
1210 1218
1208 1218
1206 1216
1205 1215
1205 1214
1203 1212
1202 1211
1201 1210
1199 1209
1198 1207
1197 1205
1195 1204
1194 1203
1193 1202
1191 1201
1190 1199
1190 1198
1188 1197
1188 1196
1186 1195
1184 1194
1182 1193
1182 1191
1180 1190
1179 1189
1177 1186
1176 1185
1174 1183
1172 1182
1171 1181
1171 1180
1169 1178
1168 1177
1167 1175
1166 1176
1164 1174
1163 1172
1162 1172
1161 1170
1159 1169
1159 1169
1158 1168
1157 1167
1157 1166
1156 1165
1155 1164
1154 1164
1154 1163
1154 1162
1151 1160
1155 1160
1151 1159
1154 1157
1152 1157
1152 1156
1151 1155
1150 1156
1149 1154
1149 1155
1148 1154
1147 1152
1148 1154
1147 1153
1147 1153
1148 1153
1147 1153
1146 1151
1144 1150
1143 1150
1142 1149
1141 1149
1140 1147
1139 1147
1138 1147
1137 1146
1136 1145
1136 1145
1136 1146
1135 1145
1134 1143
1133 1144
1134 1144
1133 1143
1132 1142
1132 1142
1131 1141
1130 1140
1130 1140
1129 1140
1129 1140
1128 1139
1127 1139
1127 1138
1127 1138
1126 1137
1126 1137
1125 1136
1125 1136
1125 1135
1124 1135
1124 1134
1124 1134
1123 1134
1123 1133
1122 1133
1122 1132
1121 1132
1120 1131
1119 1130
1118 1129
1117 1128
1117 1127
1116 1126
1116 1126
1115 1126
1114 1125
1115 1125
1114 1125
1113 1124
1114 1124
1113 1124
1113 1124
1113 1124
1112 1123
1113 1123
1112 1123
1112 1123
1112 1123
1112 1123
1111 1123
1111 1123
1111 1122
1111 1122
1111 1122
1111 1122
1111 1122
1111 1122
1110 1122
1111 1122
1111 1122
1111 1122
1111 1122
1112 1122
1111 1122
1111 1122
1111 1122
1111 1122
1111 1122
1111 1121
1111 1121
1111 1121
1110 1121
1110 1121
1109 1120
1109 1120
1109 1119
1108 1119
1108 1119
1108 1119
1108 1119
1108 1119
1109 1120
1109 1120
1108 1119
1108 1119
1109 1120
1109 1120
1110 1121
1110 1120
1110 1121
1110 1121
1110 1121
1111 1122
1110 1122
1111 1122
1111 1123
1112 1123
1112 1123
1113 1124
1113 1124
1114 1125
1115 1125
1115 1125
1115 1125
1116 1126
1115 1125
1117 1126
1117 1127
1117 1127
1117 1127
1118 1127
1118 1128
1118 1128
1118 1128
1119 1128
1118 1128
1118 1128
1118 1128
1118 1128
1118 1129
1119 1130
1119 1129
1119 1130
1120 1130
1121 1131
1122 1132
1123 1133
1123 1134
1124 1134
1124 1134
1125 1135
1125 1135
1126 1136
1126 1137
1127 1138
1128 1138
1129 1140
1129 1140
1131 1141
1131 1141
1132 1142
1133 1142
1134 1144
1134 1145
1135 1145
1136 1146
1136 1147
1137 1146
1138 1147
1139 1147
1139 1146
1141 1148
1142 1149
1142 1148
1143 1148
1144 1149
1144 1149
1144 1150
1145 1150
1145 1150
1146 1150
1146 1152
1146 1151
1148 1152
1145 1152
1149 1153
1147 1153
1151 1155
1148 1155
1151 1154
1151 1156
1151 1156
1151 1158
1152 1157
1152 1157
1154 1158
1153 1160
1153 1161
1154 1162
1156 1163
1156 1165
1157 1166
1158 1167
1160 1168
1160 1169
1160 1170
1163 1172
1163 1173
1165 1174
1166 1174
1168 1176
1168 1177
1170 1178
1170 1180
1172 1181
1174 1182
1175 1183
1175 1183
1176 1184
1176 1185
1177 1187
1178 1187
1179 1187
1181 1189
1181 1190
1182 1191
1184 1193
1185 1194
1187 1195
1188 1196
1189 1198
1191 1200
1192 1201
1193 1202
1194 1203
1196 1204
1197 1205
1198 1207
1200 1209
1201 1210
1203 1212
1204 1212
1207 1215
1207 1216
1210 1218
1212 1220
1213 1222
1215 1223
1216 1224
1218 1226
1219 1227
1221 1229
1222 1230
1223 1231
1225 1233
1226 1235
1229 1237
1230 1238
1232 1239
1232 1240
1234 1242
1235 1243
1237 1245
1238 1246
1239 1247
1241 1248
1242 1250
1244 1251
1245 1253
1246 1254
1248 1256
1250 1258
1251 1259
1253 1261
1255 1263
1256 1264
1259 1267
1260 1268
1262 1270
1264 1271
1265 1272
1267 1274
1269 1274
1271 1275
1272 1277
1275 1278
1277 1278
1277 1280
1276 1280
1279 1284
1280 1282
1281 1283
1281 1285
1284 1287
1283 1288
1285 1290
1286 1292
1288 1294
1289 1296
1291 1298
1294 1300
1295 1301
1297 1303
1298 1304
1301 1307
1302 1309
1303 1309
1306 1311
1307 1313
1309 1315
1310 1316
1312 1318
1314 1320
1317 1323
1319 1324
1320 1326
1323 1329
1325 1332
1328 1334
1328 1335
1331 1337
1333 1339
1335 1341
1337 1342
1339 1345
1341 1347
1344 1349
1346 1351
1348 1353
1351 1355
1352 1358
1354 1360
1357 1363
1360 1365
1362 1367
1364 1369
1366 1372
1369 1373
1370 1376
1373 1378
1375 1380
1377 1382
1379 1384
1382 1386
1383 1388
1385 1391
1387 1393
1390 1394
1391 1396
1394 1399
1396 1401
1397 1403
1400 1404
1401 1404
1404 1407
1406 1404
1406 1411
1406 1409
1408 1413
1410 1411
1412 1415
1412 1415
1414 1417
1415 1419
1417 1421
1419 1423
1422 1426
1424 1428
1427 1430
1429 1433
1432 1435
1433 1437
1437 1441
1439 1443
1442 1446
1444 1448
1448 1451
1449 1452
1452 1455
1455 1458
1457 1460
1460 1463
1462 1466
1465 1468
1467 1470
1470 1473
1472 1475
1474 1477
1477 1480
1479 1483
1481 1485
1483 1487
1486 1490
1489 1492
1491 1495
1493 1497
1496 1500
1498 1502
1501 1505
1504 1508
1507 1510
1509 1512
1512 1515
1514 1517
1516 1520
1519 1523
1521 1525
1524 1527
1527 1530
1529 1530
1531 1533
1534 1535
1534 1536
1535 1536
1537 1540
1540 1539
1540 1541
1541 1542
1544 1545
1546 1548
1549 1550
1552 1554
1555 1557
1558 1560
1561 1562
1563 1565
1566 1568
1569 1570
1571 1573
1574 1575
1576 1578
1579 1580
1582 1583
1584 1585
1587 1588
1589 1590
1592 1593
1595 1596
1598 1599
1600 1601
1603 1605
1606 1607
1609 1610
1611 1612
1614 1616
1617 1619
1620 1621
1622 1624
1625 1626
1628 1628
1630 1631
1633 1634
1636 1637
1639 1640
1642 1643
1644 1645
1648 1649
1651 1651
1654 1654
1657 1657
1659 1659
1662 1662
1663 1661
1662 1664
1667 1665
1668 1667
1668 1670
1671 1670
1674 1673
1676 1675
1679 1678
1682 1681
1685 1684
1687 1686
1690 1689
1692 1691
1695 1694
1698 1697
1700 1700
1704 1704
1707 1706
1710 1709
1713 1712
1716 1715
1719 1719
1722 1721
1725 1724
1728 1727
1730 1729
1733 1732
1736 1736
1739 1739
1742 1741
1746 1744
1748 1747
1751 1749
1754 1753
1758 1756
1761 1758
1764 1762
1766 1764
1769 1767
1773 1771
1776 1774
1779 1777
1782 1780
1785 1784
1788 1786
1791 1789
1793 1791
1792 1792
1796 1793
1796 1795
1796 1796
1799 1797
1802 1800
1805 1802
1808 1805
1811 1808
1814 1811
1817 1815
1821 1818
1824 1821
1827 1824
1830 1828
1833 1830
1836 1833
1838 1836
1841 1838
1844 1841
1847 1844
1850 1847
1852 1849
1855 1852
1859 1856
1862 1859
1865 1862
1868 1864
1872 1868
1874 1871
1878 1875
1881 1877
1884 1880
1887 1883
1891 1887
1894 1890
1897 1893
1900 1896
1904 1900
1906 1903
1910 1906
1913 1909
1916 1913
1918 1915
1919 1919
1920 1918
1923 1920
1924 1922
1926 1926
1928 1924
1931 1927
1933 1928
1937 1932
1940 1935
1943 1938
1947 1942
1950 1944
1952 1947
1956 1950
1958 1953
1962 1956
1963 1958
1966 1961
1970 1964
1973 1967
1976 1971
1979 1974
1982 1976
1985 1979
1989 1983
1992 1986
1995 1989
1998 1993
2002 1995
2004 1999
2008 2002
2012 2006
2016 2010
2018 2013
2021 2016
2024 2019
2028 2022
2031 2025
2034 2028
2036 2030
2039 2033
2042 2036
2046 2039
2045 2043
2049 2046
2049 2046
2051 2048
2052 2051
2055 2051
2057 2053
2061 2056
2064 2057
2066 2059
2069 2062
2072 2065
2075 2068
2078 2071
2081 2074
2083 2076
2087 2080
2090 2082
2092 2085
2095 2088
2099 2091
2102 2095
2106 2099
2108 2101
2112 2105
2115 2108
2119 2112
2122 2115
2125 2118
2129 2122
2132 2125
2135 2128
2139 2131
2141 2134
2145 2138
2148 2141
2151 2144
2154 2147
2157 2149
2161 2153
2164 2156
2167 2159
2170 2163
2173 2165
2174 2169
2175 2172
2176 2173
2179 2175
2179 2176
2180 2177
2183 2179
2186 2180
2188 2181
2191 2183
2195 2186
2197 2187
2200 2191
2203 2194
2206 2197
2210 2201
2212 2204
2216 2206
2219 2210
2222 2212
2225 2216
2229 2220
2232 2223
2235 2226
2239 2229
2242 2232
2245 2236
2248 2239
2250 2242
2254 2245
2258 2249
2261 2252
2264 2255
2267 2258
2270 2261
2273 2264
2276 2267
2279 2270
2283 2273
2285 2275
2288 2278
2290 2281
2294 2284
2296 2287
2298 2290
2301 2292
2302 2295
2300 2297
2306 2300
2305 2301
2307 2303
2309 2302
2311 2306
2314 2306
2316 2307
2320 2309
2323 2312
2326 2314
2329 2318
2332 2321
2336 2324
2339 2327
2342 2331
2345 2334
2349 2338
2351 2340
2354 2343
2357 2346
2360 2349
2362 2351
2366 2355
2369 2357
2372 2361
2375 2364
2379 2368
2382 2370
2385 2374
2387 2376
2390 2380
2393 2382
2395 2383
2399 2387
2401 2389
2403 2391
2404 2394
2407 2396
2410 2398
2412 2401
2415 2403
2418 2406
2420 2409
2424 2412
2426 2415
2428 2416
2433 2420
2429 2424
2436 2426
2434 2430
2437 2429
2437 2431
2440 2432
2443 2434
2446 2439
2449 2438
2452 2440
2454 2442
2458 2446
2461 2448
2463 2451
2466 2454
2470 2457
2472 2460
2476 2463
2477 2465
2480 2467
2483 2470
2486 2473
2489 2476
2492 2478
2494 2481
2496 2483
2498 2484
2499 2487
2501 2488
2505 2491
2507 2494
2510 2497
2512 2498
2514 2501
2517 2503
2520 2507
2523 2509
2525 2512
2528 2515
2531 2517
2534 2520
2537 2523
2540 2526
2542 2529
2546 2532
2549 2534
2551 2537
2554 2540
2554 2541
2558 2545
2558 2548
2561 2550
2561 2553
2563 2555
2565 2557
2566 2559
2567 2559
2570 2563
2573 2560
2575 2564
2577 2565
2579 2567
2580 2566
2583 2569
2584 2570
2587 2572
2589 2574
2591 2576
2593 2579
2596 2581
2598 2583
2601 2585
2603 2588
2606 2591
2609 2593
2612 2596
2614 2599
2617 2601
2619 2604
2622 2606
2625 2609
2627 2612
2629 2614
2633 2617
2635 2619
2638 2623
2640 2625
2643 2627
2645 2630
2648 2632
2650 2635
2653 2637
2655 2640
2658 2642
2659 2644
2661 2646
2663 2648
2665 2650
2667 2652
2669 2654
2671 2655
2673 2657
2674 2659
2676 2660
2678 2662
2680 2664
2682 2666
2684 2668
2685 2670
2688 2672
2683 2675
2689 2677
2688 2680
2693 2682
2691 2683
2694 2686
2695 2685
2698 2688
2700 2687
2702 2692
2705 2690
2708 2693
2709 2693
2712 2697
2714 2697
2717 2700
2718 2701
2722 2704
2724 2706
2726 2708
2728 2711
2729 2712
2731 2714
2732 2715
2733 2716
2735 2718
2736 2719
2737 2720
2739 2722
2740 2724
2742 2725
2745 2727
2746 2729
2747 2731
2750 2732
2753 2735
2754 2736
2755 2739
2758 2741
2760 2742
2763 2745
2764 2746
2766 2749
2768 2751
2771 2754
2773 2756
2775 2758
2778 2760
2780 2762
2781 2764
2784 2766
2786 2769
2788 2771
2790 2773
2792 2774
2794 2777
2795 2777
2797 2779
2797 2780
2800 2782
2800 2783
2802 2784
2802 2784
2804 2787
2805 2787
2806 2788
2808 2790
2809 2791
2810 2793
2812 2795
2813 2796
2816 2798
2811 2799
2817 2802
2814 2803
2818 2804
2817 2807
2821 2808
2821 2810
2820 2812
2821 2812
2823 2815
2825 2815
2827 2815
2829 2815
2831 2816
2832 2818
2834 2819
2836 2821
2838 2820
2839 2822
2842 2823
2843 2825
2844 2826
2845 2827
2846 2827
2847 2827
2848 2829
2848 2830
2850 2830
2850 2831
2851 2832
2852 2832
2853 2833
2855 2835
2856 2837
2857 2838
2859 2840
2860 2841
2861 2842
2863 2844
2865 2845
2866 2846
2867 2848
2869 2850
2871 2851
2873 2853
2874 2854
2876 2856
2877 2858
2878 2859
2880 2861
2882 2862
2883 2864
2884 2865
2887 2867
2887 2868
2888 2869
2888 2870
2890 2871
2890 2872
2891 2872
2892 2872
2892 2872
2892 2873
2893 2873
2893 2873
2894 2874
2895 2875
2896 2877
2897 2878
2898 2879
2899 2880
2901 2881
2902 2882
2903 2883
2905 2884
2906 2886
2907 2887
2908 2888
2909 2889
2910 2890
2911 2891
2912 2893
2914 2894
2915 2896
2916 2897
2917 2898
2918 2899
2919 2900
2921 2902
2922 2903
2923 2903
2924 2905
2924 2904
2924 2905
2924 2905
2924 2905
2923 2904
2924 2904
2924 2904
2924 2904
2925 2905
2925 2905
2925 2906
2927 2906
2927 2907
2928 2909
2930 2910
2930 2910
2931 2911
2931 2912
2932 2913
2933 2913
2934 2914
2935 2916
2936 2916
2936 2917
2937 2918
2937 2919
2938 2920
2939 2921
2939 2921
2941 2922
2941 2923
2941 2923
2942 2924
2941 2925
2942 2926
2942 2926
2943 2926
2941 2926
2942 2925
2941 2925
2942 2925
2943 2925
2940 2924
2942 2925
2940 2924
2942 2924
2940 2925
2941 2925
2941 2926
2943 2926
2940 2926
2942 2927
2942 2927
2942 2928
2942 2929
2944 2929
2944 2931
2944 2931
2945 2932
2944 2932
2946 2932
2946 2933
2947 2932
2947 2934
2946 2934
2948 2935
2947 2935
2948 2936
2948 2935
2947 2935
2948 2935
2946 2934
2948 2934
2945 2934
2947 2934
2944 2932
2946 2932
2945 2931
2945 2931
2944 2931
2945 2930
2945 2931
2946 2931
2944 2931
2946 2931
2944 2931
2946 2931
2944 2931
2946 2931
2945 2932
2945 2931
2945 2932
2946 2932
2944 2933
2947 2933
2947 2933
2946 2933
2947 2933
2948 2934
2946 2935
2947 2935
2947 2935
2946 2934
2947 2935
2945 2934
2947 2934
2947 2933
2944 2932
2944 2932
2944 2930
2943 2929
2942 2928
2942 2927
2941 2926
2942 2927
2940 2926
2940 2925
2942 2926
2940 2925
2942 2924
2942 2924
2942 2924
2941 2924
2942 2924
2941 2924
2941 2923
2940 2923
2942 2923
2939 2924
2942 2924
2941 2923
2941 2923
2940 2923
2940 2923
2940 2922
2939 2922
2939 2921
2941 2921
2939 2920
2938 2920
2938 2919
2937 2918
2936 2917
2935 2916
2933 2915
2933 2914
2932 2912
2930 2911
2929 2909
2928 2909
2928 2908
2928 2908
2927 2907
2926 2908
2925 2906
2925 2906
2924 2905
2924 2905
2923 2904
2923 2904
2922 2903
2922 2903
2921 2902
2921 2902
2920 2902
2920 2901
2920 2901
2919 2900
2918 2900
2917 2899
2917 2898
2916 2897
2915 2897
2915 2896
2914 2895
2913 2894
2912 2893
2910 2891
2909 2889
2906 2887
2905 2886
2904 2884
2902 2883
2901 2882
2899 2880
2898 2879
2897 2878
2896 2877
2896 2876
2895 2875
2894 2875
2894 2875
2892 2873
2891 2872
2890 2871
2889 2870
2889 2870
2888 2869
2887 2869
2886 2868
2886 2867
2885 2866
2884 2866
2883 2865
2882 2864
2881 2863
2880 2862
2879 2861
2878 2859
2876 2858
2875 2856
2873 2855
2872 2853
2870 2851
2868 2850
2866 2848
2865 2846
2863 2844
2861 2842
2860 2841
2858 2840
2856 2838
2855 2837
2854 2836
2853 2834
2852 2833
2850 2832
2849 2830
2848 2829
2847 2829
2846 2827
2845 2826
2843 2824
2842 2824
2841 2822
2840 2824
2840 2821
2838 2822
2836 2820
2835 2819
2834 2818
2832 2818
2830 2817
2829 2817
2827 2815
2826 2813
2824 2815
2822 2811
2821 2811
2819 2808
2818 2808
2817 2807
2816 2804
2815 2803
2813 2801
2813 2800
2811 2798
2812 2797
2810 2795
2809 2793
2809 2792
2806 2790
2806 2789
2805 2787
2802 2786
2801 2784
2800 2783
2798 2782
2797 2780
2796 2779
2794 2778
2793 2776
2791 2775
2790 2773
2787 2771
2786 2770
2785 2768
2782 2766
2780 2765
2778 2763
2776 2760
2775 2758
2773 2756
2770 2754
2768 2752
2765 2749
2763 2747
2761 2745
2759 2743
2757 2741
2755 2739
2753 2737
2751 2735
2749 2733
2747 2731
2745 2729
2743 2727
2742 2726
2740 2724
2739 2722
2736 2720
2735 2718
2734 2717
2731 2715
2729 2714
2728 2711
2727 2710
2724 2708
2723 2707
2721 2705
2719 2703
2717 2701
2715 2699
2713 2697
2711 2695
2708 2693
2706 2691
2703 2691
2702 2688
2699 2687
2696 2685
2694 2685
2692 2684
2689 2683
2689 2681
2688 2679
2687 2677
2684 2676
2684 2674
2684 2672
2681 2669
2681 2668
2680 2666
2678 2664
2676 2661
2674 2660
2672 2658
2670 2656
2668 2654
2666 2653
2664 2650
2662 2648
2659 2645
2657 2644
2655 2640
2653 2639
2651 2637
2648 2634
2646 2632
2643 2630
2641 2627
2638 2624
2636 2622
2633 2619
2630 2617
2628 2614
2625 2611
2622 2608
2620 2606
2617 2604
2615 2601
2612 2598
2609 2596
2607 2593
2605 2591
2603 2588
2600 2586
2599 2584
2596 2582
2594 2579
2591 2577
2589 2575
2587 2573
2584 2571
2582 2569
2580 2566
2578 2564
2576 2564
2573 2561
2570 2561
2568 2559
2565 2558
2562 2556
2561 2555
2559 2555
2561 2552
2556 2550
2558 2547
2554 2545
2553 2543
2550 2539
2549 2537
2546 2534
2543 2531
2540 2529
2538 2526
2534 2522
2532 2520
2530 2518
2526 2514
2524 2512
2521 2509
2519 2507
2517 2505
2514 2502
2512 2500
2508 2497
2507 2495
2504 2492
2501 2490
2499 2487
2497 2486
2495 2483
2492 2481
2489 2478
2487 2476
2484 2473
2481 2470
2478 2467
2476 2464
2473 2462
2470 2459
2467 2456
2464 2454
2461 2450
2458 2447
2455 2444
2452 2442
2449 2438
2446 2436
2444 2433
2441 2434
2438 2430
2435 2431
2433 2427
2432 2426
2432 2426
2428 2423
2428 2421
2427 2419
2424 2416
2423 2414
2421 2411
2418 2409
2415 2406
2413 2403
2410 2400
2408 2398
2406 2396
2403 2394
2399 2391
2397 2388
2394 2385
2391 2382
2387 2379
2384 2375
2381 2372
2378 2369
2375 2366
2372 2363
2368 2360
2366 2356
2363 2353
2359 2351
2358 2348
2354 2345
2351 2342
2349 2339
2346 2336
2343 2333
2340 2331
2336 2327
2334 2324
2331 2321
2328 2318
2325 2316
2322 2314
2319 2310
2316 2307
2313 2307
2311 2304
2308 2302
2305 2301
2304 2300
2304 2300
2301 2299
2299 2296
2299 2293
2297 2290
2294 2287
2292 2284
2288 2281
2286 2278
2282 2274
2279 2272
2276 2269
2272 2265
2270 2262
2267 2259
2263 2256
2260 2253
2257 2250
2253 2246
2251 2244
2248 2240
2245 2238
2242 2234
2238 2231
2236 2229
2232 2226
2229 2222
2226 2220
2223 2216
2221 2214
2218 2211
2215 2209
2213 2205
2209 2202
2206 2200
2204 2197
2201 2194
2198 2191
2195 2188
2192 2185
2188 2182
2185 2178
2182 2178
2179 2174
2175 2175
2177 2171
2173 2171
2172 2169
2171 2167
2170 2164
2166 2161
2164 2158
2161 2155
2157 2152
2154 2148
2150 2145
2147 2142
2144 2139
2141 2135
2139 2133
2135 2130
2132 2127
2129 2123
2125 2120
2123 2118
2120 2115
2117 2112
2114 2109
2110 2106
2108 2103
2104 2100
2102 2097
2100 2094
2096 2091
2093 2089
2090 2085
2087 2082
2084 2079
2081 2075
2077 2072
2074 2069
2070 2066
2068 2063
2064 2060
2061 2056
2059 2053
2054 2049
2052 2049
2048 2047
2047 2045
2046 2043
2043 2041
2043 2040
2041 2037
2038 2034
2036 2031
2033 2028
2030 2026
2028 2023
2024 2020
2021 2017
2018 2015
2015 2011
2013 2009
2009 2005
2006 2003
2003 1999
2000 1997
1997 1993
1994 1991
1991 1988
1989 1985
1985 1982
1981 1979
1979 1976
1975 1972
1971 1968
1969 1966
1965 1963
1962 1959
1959 1955
1956 1953
1953 1949
1949 1947
1946 1943
1943 1940
1940 1937
1937 1933
1934 1931
1932 1928
1928 1924
1925 1923
1922 1920
1921 1920
1920 1918
1918 1916
1916 1916
1915 1915
1913 1911
1910 1908
1907 1905
1904 1902
1901 1899
1899 1897
1895 1894
1892 1890
1888 1887
1886 1885
1883 1881
1880 1879
1876 1876
1874 1873
1870 1869
1868 1866
1864 1862
1861 1860
1858 1856
1854 1853
1851 1850
1848 1847
1845 1843
1842 1841
1839 1838
1836 1835
1833 1832
1830 1829
1827 1826
1824 1823
1821 1820
1818 1817
1815 1814
1812 1811
1809 1808
1806 1805
1803 1802
1800 1798
1796 1795
1793 1793
1792 1792
1793 1792
1789 1788
1788 1789
1787 1785
1785 1785
1783 1783
1781 1780
1777 1777
1774 1775
1772 1772
1768 1769
1765 1765
1762 1762
1759 1759
1756 1757
1752 1753
1750 1750
1746 1747
1743 1744
1740 1740
1737 1738
1734 1735
1731 1733
1728 1729
1726 1726
1723 1723
1719 1720
1716 1717
1713 1714
1711 1712
1708 1709
1705 1705
1702 1703
1699 1700
1697 1698
1693 1695
1691 1691
1688 1688
1684 1685
1682 1682
1679 1680
1677 1678
1674 1675
1671 1672
1668 1669
1665 1667
1664 1665
1664 1662
1661 1664
1659 1659
1660 1660
1658 1658
1655 1656
1652 1654
1649 1651
1646 1649
1643 1645
1641 1643
1637 1640
1634 1637
1632 1635
1629 1631
1627 1628
1623 1626
1620 1623
1618 1620
1615 1618
1613 1615
1610 1612
1607 1609
1604 1607
1602 1605
1598 1601
1596 1598
1593 1595
1590 1593
1588 1590
1585 1587
1582 1585
1580 1582
1577 1580
1575 1577
1573 1575
1569 1572
1565 1569
1563 1566
1560 1564
1557 1561
1555 1558
1552 1555
1550 1553
1547 1550
1544 1548
1541 1544
1539 1542
1538 1540
1536 1537
1538 1538
1531 1536
1534 1535
1531 1532
1530 1532
1528 1530
1526 1529
1524 1528
1521 1524
1518 1522
1515 1519
1513 1517
1510 1514
1508 1512
1505 1510
1502 1507
1500 1504
1498 1502
1495 1499
1493 1497
1490 1494
1488 1492
1485 1490
1484 1488
1480 1485
1478 1483
1476 1480
1473 1478
1470 1475
1468 1472
1465 1470
1461 1467
1460 1465
1457 1462
1454 1459
1452 1457
1449 1454
1447 1452
1444 1449
1442 1447
1440 1445
1438 1443
1435 1440
1432 1438
1430 1435
1428 1433
1426 1431
1424 1429
1421 1426
1419 1424
1417 1422
1415 1420
1412 1417
1410 1415
1407 1412
1409 1410
1408 1410
1405 1409
1405 1406
1403 1408
1403 1404
1401 1405
1399 1402
1398 1401
1395 1400
1393 1399
1390 1397
1389 1394
1386 1392
1383 1390
1380 1387
1378 1385
1376 1382
1374 1381
1372 1378
1370 1376
1368 1374
1365 1373
1364 1370
1362 1368
1359 1366
1357 1364
1355 1362
1353 1360
1351 1358
1349 1355
1348 1354
1345 1352
1343 1350
1341 1347
1339 1345
1337 1343
1334 1340
1331 1339
1329 1336
1328 1335
1326 1333
1325 1331
1322 1329
1320 1328
1318 1325
1317 1324
1315 1323
1313 1320
1311 1318
1309 1317
1307 1314
1305 1312
1303 1310
1301 1308
1299 1306
1296 1303
1294 1301
1292 1300
1290 1297
1288 1295
1286 1293
1285 1292
1284 1290
1282 1289
1281 1287
1280 1285
1281 1283
1279 1283
1278 1281
1276 1282
1277 1280
1276 1281
1274 1278
1273 1279
1273 1276
1271 1277
1268 1273
1268 1275
1265 1272
1264 1272
1262 1270
1260 1269
1259 1267
1257 1266
1255 1263
1255 1263
1253 1261
1251 1259
1249 1257
1247 1256
1246 1255
1245 1254
1243 1252
1241 1249
1238 1247
1237 1246
1235 1244
1233 1242
1231 1239
1229 1238
1228 1237
1227 1236
1226 1234
1224 1233
1223 1231
1221 1230
1220 1229
1219 1228
1217 1225
1216 1224
1214 1223
1214 1223
1213 1221
1211 1220
1209 1218
1208 1217
1206 1216
1206 1215
1204 1213
1202 1211
1200 1209
1199 1208
1197 1206
1196 1205
1195 1204
1194 1203
1192 1201
1191 1201
1190 1200
1190 1199
1189 1197
1187 1196
1185 1194
1183 1193
1182 1191
1180 1189
1179 1188
1177 1187
1175 1184
1174 1183
1173 1182
1171 1181
1170 1180
1170 1179
1169 1179
1168 1177
1167 1176
1166 1175
1165 1175
1164 1174
1164 1172
1163 1172
1161 1171
1160 1170
1159 1168
1158 1168
1157 1166
1157 1166
1155 1164
1155 1163
1153 1162
1154 1162
1151 1160
1153 1159
1152 1159
1153 1158
1153 1157
1150 1156
1151 1155
1149 1155
1150 1154
1147 1155
1148 1154
1148 1154
1146 1152
1148 1154
1148 1152
1146 1152
1145 1151
1144 1151
1143 1149
1142 1149
1141 1149
1140 1147
1139 1148
1139 1148
1138 1147
1139 1147
1137 1147
1137 1146
1137 1146
1136 1145
1135 1145
1134 1145
1134 1144
1134 1143
1133 1143
1132 1142
1132 1142
1131 1141
1131 1141
1130 1140
1129 1140
1128 1139
1127 1138
1126 1137
1126 1136
1126 1136
1125 1136
1125 1136
1125 1135
1125 1135
1125 1135
1124 1134
1123 1133
1122 1133
1121 1131
1121 1132
1120 1130
1119 1129
1118 1128
1117 1128
1117 1127
1116 1127
1115 1126
1115 1127
1115 1126
1115 1125
1115 1126
1115 1126
1115 1125
1114 1125
1115 1125
1115 1125
1115 1125
1114 1125
1114 1125
1113 1124
1113 1124
1113 1124
1112 1123
1112 1124
1112 1123
1111 1123
1111 1123
1111 1122
1110 1122
1111 1122
1110 1121
1111 1122
1109 1121
1111 1122
1111 1122
1111 1122
1111 1121
1111 1122
1110 1121
1111 1121
1111 1121
1110 1121
1110 1120
1109 1120
1110 1121
1109 1119
1109 1120
1109 1119
1108 1119
1109 1120
1108 1120
1109 1120
1109 1120
1109 1120
1109 1120
1110 1120
1110 1121
1110 1121
1109 1120
1110 1120
1110 1121
1111 1121
1111 1122
1111 1121
1111 1122
1111 1121
1111 1122
1111 1122
1111 1122
1111 1123
1111 1123
1112 1123
1112 1122
1112 1123
1112 1122
1113 1124
1114 1124
1114 1124
1114 1125
1116 1126
1116 1126
1116 1127
1116 1126
1116 1126
1115 1125
1116 1126
1116 1127
1117 1127
1116 1127
1116 1127
1117 1128
1117 1128
1117 1128
1118 1129
1119 1129
1119 1131
1120 1130
1121 1132
1122 1132
1122 1133
1123 1133
1124 1134
1124 1134
1124 1134
1125 1136
1126 1136
1126 1136
1127 1137
1127 1137
1128 1138
1128 1139
1129 1140
1130 1140
1131 1141
1132 1141
1132 1141
1133 1142
1134 1143
1134 1144
1135 1145
1136 1146
1136 1146
1137 1146
1138 1147
1137 1145
1139 1149
1139 1146
1140 1148
1140 1147
1141 1150
1142 1145
1142 1150
1142 1149
1143 1150
1145 1150
1145 1151
1147 1153
1148 1152
1147 1153
1150 1153
1148 1154
1148 1153
1150 1154
1149 1156
1150 1155
1151 1157
1152 1155
1152 1158
1154 1158
1152 1159
1153 1160
1153 1160
1154 1161
1156 1162
1155 1164
1157 1164
1157 1165
1159 1167
1158 1167
1160 1169
1161 1170
1162 1172
1163 1172
1165 1173
1166 1174
1167 1175
1168 1176
1169 1178
1170 1179
1170 1179
1171 1180
1173 1182
1174 1182
1174 1183
1175 1184
1177 1186
1177 1187
1179 1188
1181 1189
1182 1191
1183 1192
1185 1194
1186 1195
1188 1197
1190 1198
1191 1199
1192 1200
1193 1202
1194 1203
1196 1204
1198 1205
1198 1206
1199 1207
1201 1209
1202 1210
1204 1212
1205 1213
1207 1215
1208 1216
1209 1218
1211 1219
1214 1221
1215 1222
1216 1224
1217 1225
1219 1227
1220 1228
1222 1229
1223 1231
1224 1233
1226 1234
1227 1235
1229 1236
1230 1238
1231 1239
1232 1241
1233 1242
1235 1243
1237 1245
1239 1247
1240 1248
1242 1250
1244 1251
1246 1254
1248 1255
1249 1257
1250 1258
1253 1261
1255 1261
1257 1264
1258 1266
1259 1268
1262 1269
1262 1270
1264 1272
1266 1275
1268 1274
1270 1276
1271 1276
1273 1278
1275 1277
1276 1280
1279 1281
1275 1281
1279 1280
1279 1284
1282 1284
1281 1285
1283 1286
1283 1288
1284 1290
1285 1292
1287 1293
1288 1295
1290 1296
1291 1298
1294 1300
1295 1302
1297 1304
1299 1306
1301 1307
1303 1309
1305 1311
1306 1312
1309 1315
1311 1317
1313 1319
1315 1322
1318 1324
1320 1326
1322 1328
1324 1330
1327 1332
1328 1334
1330 1336
1332 1338
1334 1340
1336 1342
1338 1344
1340 1346
1342 1348
1344 1350
1346 1352
1348 1354
1351 1356
1353 1358
1355 1360
1357 1362
1359 1365
1361 1367
1363 1369
1366 1372
1368 1374
1370 1375
1372 1377
1374 1379
1376 1381
1378 1383
1380 1385
1382 1387
1384 1389
1386 1392
1389 1394
1392 1396
1394 1398
1395 1401
1398 1403
1400 1405
1402 1405
1405 1407
1407 1407
1405 1409
1408 1411
1409 1412
1411 1413
1410 1413
1413 1415
1414 1418
1416 1420
1418 1422
1419 1424
1423 1427
1425 1430
1428 1432
1430 1433
1432 1436
1434 1438
1437 1441
1440 1444
1442 1445
1444 1448
1447 1451
1449 1453
1452 1455
1454 1458
1457 1460
1459 1462
1462 1465
1464 1467
1466 1469
1468 1472
1471 1474
1474 1477
1476 1480
1479 1482
1481 1484
1483 1487
1486 1489
1488 1491
1491 1495
1494 1497
1496 1499
1499 1503
1502 1505
1505 1508
1507 1510
1510 1513
1512 1516
1515 1518
1517 1520
1520 1522
1523 1525
1525 1527
1527 1530
1530 1531
1533 1534
1533 1534
1535 1537
1536 1537
1538 1540
1539 1539
1540 1543
1541 1542
1545 1546
1546 1548
1550 1551
1552 1554
1555 1557
1558 1559
1560 1562
1563 1564
1565 1567
1568 1569
1571 1572
1573 1574
1576 1577
1578 1579
1581 1582
1584 1585
1587 1588
1589 1590
1593 1593
1595 1595
1598 1598
1601 1601
1603 1604
1607 1607
1609 1611
1612 1613
1615 1616
1618 1619
1620 1621
1623 1624
1626 1627
1628 1629
1631 1632
1634 1635
1637 1638
1640 1641
1643 1644
1645 1646
1648 1649
1651 1651
1654 1655
1656 1657
1659 1660
1662 1660
1663 1663
1662 1663
1667 1666
1667 1667
1668 1667
1669 1672
1673 1673
1676 1675
1679 1678
1681 1680
1683 1683
1686 1686
1690 1689
1692 1692
1695 1694
1698 1697
1701 1700
1705 1703
1707 1706
1711 1709
1713 1712
1716 1715
1720 1718
1722 1721
1725 1724
1728 1727
1731 1730
1734 1733
1737 1736
1740 1739
1743 1742
1746 1745
1749 1748
1752 1751
1756 1754
1758 1756
1761 1760
1763 1762
1766 1765
1770 1768
1773 1771
1775 1774
1779 1777
1782 1780
1785 1783
1788 1785
1790 1789
1792 1792
1793 1789
1795 1795
1796 1793
1797 1796
1799 1798
1801 1798
1805 1802
1808 1805
1810 1807
1813 1811
1817 1814
1819 1816
1824 1821
1827 1823
1829 1826
1833 1830
1835 1833
1839 1836
1841 1838
1844 1842
1848 1845
1851 1848
1854 1851
1856 1854
1860 1857
1862 1859
1866 1863
1869 1866
1872 1869
1875 1871
1878 1875
1881 1878
1883 1881
1887 1883
1891 1888
1894 1890
1897 1894
1900 1897
1903 1899
1907 1903
1910 1906
1913 1909
1916 1912
1918 1915
1919 1917
1918 1919
1923 1919
1923 1921
1924 1924
1927 1923
1930 1926
1933 1928
1936 1931
1940 1935
1943 1938
1946 1941
1949 1944
1952 1947
1956 1951
1959 1954
1961 1957
1964 1959
1968 1963
1971 1966
1973 1969
1977 1972
1980 1974
1983 1978
1986 1981
1989 1984
1992 1987
1995 1990
1999 1993
2002 1996
2005 2000
2009 2003
2012 2007
2016 2010
2018 2012
2021 2015
2024 2018
2027 2021
2030 2024
2033 2027
2035 2030
2037 2031
2041 2036
2044 2038
2047 2042
2046 2045
2049 2046
2052 2046
2052 2050
2054 2051
2056 2051
2060 2054
2063 2057
2066 2060
2069 2063
2072 2066
2075 2070
2079 2072
2082 2075
2085 2078
2088 2081
2091 2084
2094 2088
2097 2090
2101 2094
2103 2096
2106 2099
2109 2102
2113 2105
2115 2108
2119 2111
2123 2115
2125 2118
2128 2121
2132 2124
2134 2127
2138 2130
2141 2133
2145 2138
2147 2140
2150 2142
2153 2146
2156 2149
2159 2152
2162 2154
2165 2157
2169 2161
2171 2164
2174 2168
2174 2171
2178 2172
2177 2175
2181 2176
2181 2175
2183 2179
2186 2180
2190 2183
2193 2184
2195 2186
2199 2190
2202 2193
2205 2195
2207 2198
2211 2201
2214 2205
2217 2207
2220 2211
2223 2214
2227 2217
2230 2220
2233 2223
2236 2227
2239 2230
2242 2232
2244 2234
2246 2237
2250 2241
2253 2244
2257 2248
2260 2250
2263 2253
2265 2256
2268 2259
2271 2262
2275 2265
2277 2268
2281 2271
2284 2274
2287 2278
2290 2280
2293 2283
2295 2285
2298 2289
2301 2292
2301 2294
2303 2298
2305 2300
2308 2302
2309 2303
2311 2305
2312 2306
2315 2308
2318 2309
2322 2311
2324 2313
2327 2316
2331 2320
2333 2322
2337 2325
2339 2328
2343 2332
2345 2334
2348 2337
2350 2340
2353 2342
2355 2344
2358 2347
2361 2350
2364 2352
2367 2355
2370 2359
2373 2362
2377 2366
2379 2368
2383 2372
2385 2374
2389 2378
2391 2381
2395 2383
2397 2386
2400 2389
2402 2391
2405 2395
2408 2397
2411 2399
2414 2402
2417 2406
2420 2408
2423 2411
}
MSJ Captura escrita en 2003 ms.
// ===============================================