// ===============================================
// Enviamos configuracion de capturadora, entradas y seniales
CAPTU E1 CONFIGURADA ENCENDIDA=SI ESCALA=10.000 NIVEL=1.000 FLANCO=SUBIDA
CAPTU E2 CONFIGURADA ENCENDIDA=SI ESCALA=10.000 NIVEL=2.000 FLANCO=SUBIDA
CAPTU CONFIGURADA ESCALA=0.002000 ORIGEN=E1 PROM=16
CAPTU INFO PROMEDIADAS=16 CAPTURA_MS=98 FM=2000000 MUESTRAS=4000 DISPARO=2000
DATOS E1 E2 {
2653 2611
2914 2863
2933 2886
2936 2893
2937 2898
2939 2902
2940 2905
2941 2908
2941 2910
2940 2912
2941 2915
2941 2917
2941 2918
2942 2919
2941 2921
2943 2921
2940 2922
2944 2924
2942 2924
2943 2925
2941 2925
2943 2926
2942 2927
2942 2927
2943 2927
2943 2928
2942 2928
2943 2928
2943 2929
2943 2929
2944 2929
2943 2929
2943 2929
2944 2929
2942 2929
2945 2929
2943 2929
2944 2929
2943 2929
2944 2929
2943 2929
2944 2930
2944 2929
2945 2930
2943 2930
2945 2930
2942 2930
2944 2930
2944 2930
2944 2930
2945 2930
2943 2929
2945 2930
2944 2930
2943 2930
2945 2929
2943 2929
2945 2930
2942 2930
2944 2930
2943 2929
2944 2930
2944 2930
2943 2930
2945 2930
2943 2930
2945 2930
2944 2930
2944 2930
2944 2930
2945 2930
2943 2930
2945 2930
2943 2929
2945 2929
2943 2929
2944 2930
2943 2930
2946 2930
2942 2930
2946 2930
2943 2930
2945 2930
2943 2930
2946 2930
2942 2930
2945 2930
2943 2930
2945 2929
2943 2931
2945 2930
2943 2930
2944 2930
2944 2931
2945 2930
2944 2930
2945 2931
2943 2930
2944 2930
2944 2930
2944 2930
2945 2930
2943 2930
2944 2930
2943 2930
2944 2930
2944 2930
2944 2930
2944 2930
2943 2930
2945 2930
2943 2930
2945 2930
2944 2930
2945 2930
2944 2930
2945 2930
2944 2931
2945 2930
2944 2930
2945 2930
2944 2930
2944 2929
2944 2930
2944 2930
2942 2929
2946 2929
2942 2930
2946 2930
2943 2930
2946 2930
2943 2930
2946 2930
2943 2930
2946 2931
2943 2929
2945 2931
2944 2930
2943 2930
2944 2930
2943 2930
2944 2930
2944 2930
2945 2930
2944 2930
2945 2930
2943 2930
2945 2930
2943 2930
2945 2930
2943 2929
2946 2930
2943 2930
2945 2930
2943 2930
2945 2930
2943 2930
2945 2930
2943 2930
2945 2930
2944 2930
2943 2930
2944 2930
2945 2930
2943 2930
2946 2931
2944 2931
2946 2931
2944 2931
2945 2930
2944 2931
2945 2930
2943 2931
2945 2930
2942 2931
2946 2930
2942 2930
2945 2929
2942 2930
2946 2930
2943 2930
2946 2930
2943 2930
2946 2930
2942 2931
2945 2931
2944 2930
2944 2930
2945 2930
2943 2930
2945 2930
2943 2930
2943 2930
2944 2930
2944 2930
2944 2930
2945 2930
2943 2929
2945 2930
2944 2930
2944 2930
2945 2930
2943 2930
2945 2931
2944 2931
2944 2930
2944 2930
2943 2930
2944 2930
2944 2930
2945 2930
2944 2930
2945 2931
2944 2931
2944 2930
2944 2930
2943 2930
2946 2930
2942 2930
2946 2931
2943 2930
2945 2930
2943 2930
2945 2930
2943 2930
2945 2930
2943 2930
2945 2930
2941 2930
2946 2930
2942 2930
2946 2930
2943 2931
2946 2931
2943 2930
2946 2931
2943 2931
2945 2930
2944 2931
2945 2931
2943 2930
2945 2931
2944 2931
2945 2931
2943 2931
2945 2931
2944 2930
2945 2931
2944 2930
2944 2930
2944 2931
2945 2930
2944 2931
2944 2930
2944 2930
2944 2930
2944 2930
2944 2930
2944 2931
2946 2931
2943 2930
2945 2930
2943 2930
2945 2930
2944 2930
2944 2931
2944 2931
2944 2930
2944 2931
2945 2931
2945 2931
2945 2931
2944 2931
2946 2931
2944 2931
2945 2930
2944 2930
2945 2930
2943 2930
2945 2930
2943 2931
2945 2930
2943 2931
2944 2930
2944 2930
2944 2930
2944 2930
2944 2931
2944 2931
2945 2931
2944 2931
2944 2930
2944 2930
2944 2930
2944 2930
2944 2931
2944 2930
2944 2930
2944 2931
2944 2930
2944 2930
2945 2931
2944 2931
2945 2931
2944 2930
2944 2931
2945 2930
2944 2931
2945 2931
2945 2931
2943 2930
2944 2931
2944 2931
2944 2930
2944 2930
2944 2930
2945 2931
2944 2930
2944 2930
2944 2931
2944 2930
2945 2931
2944 2930
2945 2931
2944 2930
2944 2930
2945 2931
2943 2930
2944 2930
2943 2930
2944 2930
2944 2931
2945 2931
2944 2931
2944 2931
2944 2930
2944 2930
2944 2930
2945 2931
2944 2931
2944 2930
2944 2930
2945 2931
2944 2931
2944 2931
2945 2931
2944 2931
2945 2931
2945 2932
2944 2931
2945 2931
2943 2930
2947 2931
2943 2931
2945 2930
2943 2930
2946 2931
2943 2930
2946 2930
2942 2930
2945 2930
2943 2930
2945 2930
2943 2930
2945 2931
2943 2931
2945 2930
2943 2931
2945 2930
2944 2931
2945 2930
2943 2931
2946 2931
2943 2931
2944 2931
2945 2931
2944 2931
2945 2931
2943 2930
2946 2931
2943 2931
2945 2930
2945 2931
2945 2931
2944 2931
2945 2930
2944 2931
2945 2931
2944 2931
2944 2930
2944 2930
2945 2931
2944 2930
2945 2931
2944 2931
2944 2931
2944 2930
2944 2931
2944 2930
2945 2931
2944 2930
2944 2930
2944 2930
2943 2930
2945 2930
2944 2930
2945 2931
2943 2930
2945 2930
2943 2930
2945 2930
2944 2931
2946 2931
2944 2931
2945 2931
2944 2932
2945 2931
2943 2931
2946 2931
2944 2931
2945 2931
2944 2931
2946 2931
2944 2931
2946 2931
2944 2931
2945 2931
2944 2931
2945 2931
2944 2931
2945 2930
2944 2931
2945 2930
2944 2931
2945 2931
2943 2930
2944 2930
2945 2931
2944 2931
2945 2930
2944 2931
2944 2931
2945 2931
2945 2931
2943 2931
2946 2931
2943 2931
2946 2931
2943 2931
2946 2931
2944 2931
2945 2931
2943 2931
2946 2931
2943 2931
2946 2931
2945 2931
2944 2931
2945 2931
2944 2931
2944 2931
2945 2931
2944 2931
2945 2931
2943 2930
2945 2930
2943 2931
2944 2930
2943 2930
2945 2930
2943 2930
2945 2930
2944 2931
2944 2931
2944 2930
2944 2931
2944 2931
2944 2930
2944 2931
2944 2931
2944 2931
2945 2931
2944 2931
2945 2931
2945 2931
2943 2931
2945 2931
2944 2931
2946 2931
2944 2931
2945 2931
2943 2931
2947 2931
2942 2931
2946 2931
2943 2931
2946 2931
2943 2931
2945 2931
2943 2931
2944 2931
2943 2930
2945 2930
2944 2930
2945 2930
2944 2931
2945 2931
2943 2931
2946 2930
2943 2931
2945 2930
2943 2931
2946 2931
2943 2931
2946 2931
2942 2931
2947 2931
2942 2931
2947 2931
2941 2930
2948 2931
2942 2931
2946 2931
2942 2931
2945 2931
2943 2931
2946 2930
2943 2931
2945 2931
2943 2931
2946 2931
2943 2930
2946 2931
2942 2931
2945 2930
2943 2931
2945 2931
2943 2931
2945 2930
2943 2930
2945 2931
2943 2931
2945 2930
2944 2931
2944 2931
2944 2931
2944 2930
2944 2931
2944 2931
2944 2931
2945 2931
2944 2931
2944 2931
2945 2932
2944 2932
2943 2932
2945 2931
2944 2931
2945 2931
2943 2931
2946 2931
2942 2931
2947 2931
2942 2931
2946 2931
2942 2931
2946 2931
2943 2931
2946 2931
2942 2930
2946 2931
2943 2931
2946 2931
2943 2931
2946 2932
2943 2931
2946 2931
2943 2931
2946 2931
2943 2931
2946 2931
2944 2931
2946 2931
2943 2931
2946 2931
2943 2931
2945 2931
2942 2931
2946 2931
2943 2931
2945 2931
2944 2931
2945 2931
2944 2931
2945 2931
2945 2931
2944 2931
2943 2931
2946 2931
2942 2931
2946 2931
2943 2930
2945 2930
2944 2931
2945 2930
2943 2931
2945 2931
2944 2931
2944 2931
2943 2931
2945 2931
2944 2930
2945 2931
2944 2931
2944 2931
2944 2931
2945 2931
2944 2931
2945 2931
2944 2931
2945 2931
2943 2931
2946 2932
2945 2932
2944 2931
2944 2931
2944 2931
2945 2931
2944 2931
2945 2931
2943 2931
2945 2931
2943 2931
2945 2931
2944 2931
2945 2930
2944 2931
2944 2930
2944 2931
2943 2930
2945 2931
2943 2931
2944 2930
2944 2931
2944 2931
2944 2931
2945 2930
2943 2931
2946 2931
2943 2931
2946 2931
2944 2931
2944 2931
2943 2931
2945 2931
2944 2931
2945 2931
2945 2932
2945 2932
2942 2931
2947 2931
2943 2931
2946 2931
2942 2931
2947 2932
2943 2931
2946 2931
2943 2931
2946 2931
2942 2931
2946 2930
2943 2931
2945 2930
2943 2930
2944 2930
2944 2931
2945 2930
2943 2931
2945 2930
2943 2931
2945 2931
2944 2930
2945 2931
2943 2931
2946 2931
2943 2931
2946 2931
2943 2931
2946 2931
2943 2931
2946 2931
2944 2931
2946 2931
2944 2931
2946 2931
2944 2932
2946 2931
2943 2931
2946 2932
2943 2931
2946 2931
2942 2931
2946 2932
2942 2930
2945 2931
2943 2931
2944 2931
2944 2930
2944 2930
2945 2931
2943 2930
2945 2931
2944 2930
2944 2931
2944 2931
2943 2930
2944 2931
2945 2931
2943 2931
2945 2931
2944 2931
2945 2931
2943 2930
2945 2931
2944 2931
2945 2931
2945 2931
2945 2931
2944 2931
2946 2932
2944 2931
2945 2931
2944 2931
2945 2932
2944 2931
2945 2931
2944 2931
2944 2930
2944 2931
2945 2931
2944 2930
2945 2931
2944 2930
2944 2930
2943 2931
2944 2930
2944 2931
2944 2930
2945 2930
2943 2931
2944 2931
2944 2931
2943 2930
2945 2931
2944 2931
2944 2931
2945 2931
2944 2932
2944 2931
2945 2931
2945 2932
2944 2931
2945 2931
2945 2931
2944 2931
2946 2931
2944 2931
2944 2931
2945 2931
2945 2931
2945 2931
2944 2931
2945 2931
2944 2931
2945 2931
2944 2931
2944 2931
2943 2931
2944 2931
2944 2931
2945 2931
2943 2931
2945 2931
2943 2930
2944 2931
2945 2931
2944 2931
2943 2931
2945 2930
2943 2931
2944 2931
2944 2931
2944 2931
2944 2931
2944 2931
2944 2931
2944 2930
2944 2931
2944 2931
2945 2931
2944 2931
2946 2931
2943 2931
2946 2931
2943 2932
2945 2931
2944 2931
2944 2931
2945 2932
2945 2931
2943 2931
2945 2931
2945 2932
2944 2931
2944 2931
2944 2931
2944 2930
2944 2931
2944 2931
2944 2931
2944 2931
2945 2931
2944 2931
2944 2932
2944 2931
2944 2931
2944 2931
2945 2931
2944 2931
2944 2931
2944 2931
2946 2932
2944 2932
2944 2931
2943 2931
2946 2931
2944 2931
2946 2931
2944 2932
2946 2931
2944 2931
2944 2931
2944 2931
2945 2931
2944 2931
2945 2932
2945 2931
2946 2931
2943 2931
2945 2931
2943 2931
2946 2931
2942 2931
2945 2931
2943 2931
2945 2931
2943 2931
2946 2931
2944 2931
2945 2931
2943 2931
2946 2931
2942 2931
2945 2931
2944 2931
2945 2931
2943 2931
2946 2931
2943 2931
2946 2931
2943 2931
2946 2931
2943 2931
2946 2931
2944 2932
2945 2932
2945 2932
2945 2932
2944 2932
2946 2931
2943 2932
2946 2931
2944 2932
2945 2930
2944 2931
2946 2932
2944 2931
2945 2931
2944 2931
2943 2931
2945 2931
2944 2930
2944 2931
2944 2930
2944 2931
2944 2931
2944 2931
2944 2930
2944 2931
2945 2931
2945 2930
2943 2931
2944 2931
2945 2931
2942 2931
2945 2931
2943 2931
2946 2932
2943 2932
2945 2931
2944 2931
2946 2932
2945 2932
2945 2931
2945 2932
2945 2932
2945 2932
2945 2932
2945 2932
2945 2932
2946 2932
2943 2932
2946 2932
2943 2931
2945 2932
2943 2931
2946 2931
2942 2931
2946 2931
2943 2931
2945 2931
2944 2931
2945 2931
2943 2931
2945 2931
2943 2931
2945 2930
2944 2931
2945 2930
2943 2930
2945 2930
2943 2931
2943 2931
2945 2931
2944 2931
2945 2931
2944 2931
2945 2931
2944 2931
2945 2932
2944 2932
2946 2932
2944 2932
2946 2932
2944 2932
2947 2931
2943 2932
2946 2931
2944 2931
2945 2932
2944 2931
2945 2932
2944 2931
2945 2931
2944 2931
2944 2931
2944 2931
2944 2931
2945 2931
2944 2931
2946 2932
2943 2931
2944 2931
2944 2931
2944 2931
2944 2930
2945 2931
2943 2931
2945 2931
2944 2931
2944 2931
2945 2931
2944 2931
2945 2931
2944 2932
2946 2931
2944 2932
2946 2932
2944 2931
2946 2932
2945 2932
2945 2932
2946 2932
2945 2932
2944 2932
2945 2932
2945 2932
2944 2931
2945 2932
2907 2899
2302 2338
2065 2091
2043 2063
2047 2055
2043 2051
2044 2049
2043 2046
2042 2045
2041 2045
2040 2044
2040 2043
2039 2042
2039 2039
2038 2040
2038 2039
2038 2038
2038 2037
2036 2035
2037 2036
2036 2034
2036 2034
2036 2034
2036 2034
2036 2034
2036 2033
2035 2033
2035 2033
2035 2032
2035 2032
2035 2032
2035 2031
2034 2031
2035 2031
2034 2031
2034 2030
2035 2031
2034 2030
2034 2030
2034 2030
2034 2030
2034 2030
2034 2030
2033 2030
2034 2030
2034 2030
2034 2030
2034 2030
2034 2030
2033 2030
2034 2030
2034 2030
2034 2031
2033 2029
2033 2029
2034 2030
2033 2030
2033 2030
2034 2030
2034 2030
2034 2030
2035 2031
2034 2030
2034 2030
2034 2030
2034 2030
2034 2030
2033 2029
2034 2030
2034 2030
2034 2030
2034 2030
2033 2029
2033 2029
2033 2029
2033 2029
2034 2029
2034 2029
2032 2029
2033 2029
2034 2029
2033 2029
2033 2029
2034 2030
2033 2029
2033 2030
2033 2029
2033 2030
2033 2030
2034 2030
2033 2030
2034 2030
2033 2029
2033 2030
2034 2031
2033 2029
2033 2030
2033 2030
2033 2030
2033 2029
2033 2030
2034 2029
2034 2030
2034 2030
2033 2030
2034 2030
2034 2030
2034 2029
2034 2030
2034 2029
2033 2029
2033 2029
2033 2029
2033 2029
2033 2030
2033 2029
2033 2030
2033 2029
2033 2029
2033 2029
2033 2029
2033 2029
2033 2029
2033 2029
2032 2029
2033 2029
2033 2029
2033 2029
2033 2029
2033 2029
2034 2030
2033 2029
2033 2030
2033 2030
2033 2029
2033 2030
2033 2030
2033 2029
2033 2030
2034 2030
2033 2030
2033 2029
2034 2030
2033 2029
2033 2030
2033 2029
2033 2029
2033 2029
2033 2030
2033 2029
2033 2029
2032 2029
2033 2029
2033 2029
2033 2029
2033 2029
2033 2029
2033 2030
2033 2029
2033 2029
2033 2029
2033 2029
2033 2029
2033 2030
2033 2029
2033 2029
2033 2029
2033 2029
2033 2030
2033 2029
2033 2029
2033 2030
2033 2029
2033 2029
2033 2029
2033 2029
2033 2030
2033 2029
2034 2030
2034 2030
2034 2030
2034 2030
2033 2029
2033 2029
2033 2029
2033 2029
2033 2029
2034 2029
2033 2029
2033 2029
2033 2029
2033 2028
2033 2029
2033 2029
2033 2029
2033 2029
2033 2028
2033 2028
2033 2029
2033 2029
2033 2029
2033 2029
2033 2029
2033 2029
2032 2029
2033 2029
2033 2030
2033 2029
2033 2029
2032 2029
2034 2030
2033 2030
2033 2030
2033 2029
2033 2029
2033 2029
2033 2029
2033 2030
2033 2030
2033 2029
2034 2030
2033 2029
2032 2028
2033 2029
2033 2028
2033 2029
2033 2029
2033 2029
2033 2030
2033 2028
2033 2029
2033 2028
2033 2029
2033 2029
2033 2029
2033 2028
2032 2028
2033 2028
2033 2029
2032 2028
2033 2029
2033 2029
2032 2028
2033 2029
2033 2029
2033 2029
2033 2029
2034 2029
2033 2029
2033 2029
2033 2030
2033 2028
2033 2029
2033 2029
2033 2030
2033 2029
2033 2030
2034 2029
2034 2030
2033 2029
2033 2029
2033 2029
2033 2029
2033 2029
2033 2029
2033 2029
2033 2029
2033 2029
2033 2029
2033 2030
2033 2029
2033 2029
2033 2029
2033 2029
2033 2029
2033 2028
2033 2028
2033 2029
2033 2029
2033 2029
2033 2029
2033 2029
2033 2029
2034 2029
2033 2029
2033 2029
2033 2029
2033 2029
2033 2029
2033 2028
2033 2029
2033 2029
2033 2029
2033 2029
2033 2029
2032 2028
2033 2029
2033 2029
2034 2030
2034 2030
2033 2029
2033 2029
2033 2029
2034 2029
2033 2029
2033 2028
2033 2029
2033 2028
2033 2029
2033 2028
2033 2028
2033 2029
2033 2028
2033 2028
2032 2028
2033 2028
2032 2028
2032 2028
2032 2028
2033 2028
2033 2028
2033 2029
2033 2028
2033 2029
2033 2028
2033 2028
2033 2029
2033 2028
2033 2029
2033 2028
2033 2028
2033 2028
2033 2028
2034 2029
2033 2029
2034 2030
2033 2029
2033 2029
2033 2029
2034 2029
2033 2028
2033 2028
2033 2029
2033 2028
2033 2028
2032 2028
2033 2028
2032 2028
2032 2028
2033 2028
2033 2028
2033 2028
2033 2029
2033 2029
2033 2029
2033 2029
2033 2029
2032 2029
2033 2029
2032 2028
2033 2029
2033 2029
2033 2029
2033 2029
2032 2028
2033 2029
2033 2029
2033 2029
2032 2028
2033 2029
2033 2029
2033 2029
2033 2028
2033 2029
2033 2029
2033 2028
2033 2029
2033 2029
2033 2029
2033 2029
2033 2029
2033 2029
2033 2028
2033 2029
2033 2029
2033 2029
2033 2028
2032 2028
2033 2029
2033 2028
2032 2028
2033 2028
2033 2028
2033 2029
2033 2028
2033 2029
2033 2028
2033 2028
2033 2029
2033 2029
2033 2028
2033 2029
2033 2029
2033 2029
2033 2028
2033 2028
2033 2028
2033 2028
2033 2028
2033 2028
2033 2028
2033 2028
2033 2029
2033 2029
2033 2028
2033 2028
2033 2028
2033 2028
2033 2028
2033 2028
2033 2028
2033 2028
2033 2028
2033 2028
2033 2028
2033 2028
2033 2028
2033 2028
2032 2028
2032 2028
2033 2028
2032 2028
2033 2029
2033 2029
2033 2029
2033 2028
2034 2029
2034 2029
2033 2029
2033 2029
2033 2028
2033 2028
2033 2029
2033 2028
2033 2029
2033 2028
2033 2027
2033 2029
2033 2029
2033 2028
2033 2028
2033 2029
2033 2029
2033 2029
2034 2029
2033 2028
2033 2028
2033 2028
2033 2028
2032 2028
2033 2027
2032 2028
2033 2027
2032 2028
2032 2028
2033 2028
2033 2028
2033 2028
2033 2028
2033 2028
2033 2028
2033 2029
2033 2028
2033 2029
2033 2029
2033 2029
2033 2029
2033 2029
2034 2029
2034 2028
2033 2028
2033 2028
2033 2029
2033 2028
2033 2028
2033 2029
2033 2028
2033 2028
2033 2028
2033 2028
2033 2028
2033 2028
2033 2028
2033 2028
2033 2028
2033 2028
2033 2028
2033 2028
2032 2028
2032 2027
2032 2028
2032 2027
2032 2027
2033 2027
2032 2028
2032 2027
2032 2027
2033 2028
2033 2028
2033 2029
2033 2028
2033 2028
2033 2028
2033 2028
2033 2029
2033 2028
2033 2029
2033 2029
2034 2029
2033 2029
2033 2028
2033 2029
2033 2028
2033 2028
2032 2028
2033 2028
2033 2028
2033 2028
2032 2027
2033 2029
2033 2027
2033 2028
2032 2028
2034 2028
2033 2028
2032 2028
2032 2028
2032 2027
2032 2028
2032 2027
2032 2027
2032 2027
2032 2028
2033 2028
2033 2028
2033 2028
2033 2028
2033 2028
2033 2028
2034 2029
2033 2029
2033 2028
2033 2028
2034 2029
2034 2029
2033 2028
2033 2028
2033 2028
2033 2029
2033 2029
2033 2028
2033 2028
2033 2028
2033 2028
2033 2028
2033 2028
2033 2028
2032 2027
2033 2028
2032 2027
2033 2028
2033 2028
2033 2028
2032 2028
2033 2028
2033 2028
2032 2028
2033 2028
2033 2028
2033 2028
2033 2027
2033 2028
2033 2028
2032 2028
2033 2028
2033 2029
2033 2029
2033 2028
2033 2028
2033 2028
2033 2028
2033 2028
2033 2028
2033 2028
2033 2029
2033 2028
2033 2028
2033 2028
2033 2028
2033 2028
2033 2028
2033 2028
2033 2027
2033 2029
2033 2028
2033 2028
2033 2028
2033 2027
2033 2028
2033 2027
2032 2027
2032 2027
2032 2028
2032 2027
2032 2027
2032 2027
2033 2027
2032 2027
2032 2027
2033 2027
2033 2028
2033 2028
2033 2029
2033 2028
2033 2028
2034 2029
2033 2028
2033 2029
2033 2028
2034 2029
2033 2028
2033 2028
2033 2028
2033 2028
2033 2027
2033 2028
2033 2028
2033 2028
2033 2028
2033 2028
2033 2028
2033 2028
2032 2027
2032 2027
2033 2028
2033 2028
2033 2028
2033 2027
2033 2028
2032 2027
2033 2027
2032 2027
2033 2027
2032 2027
2033 2027
2032 2027
2033 2028
2033 2028
2033 2028
2033 2028
2033 2028
2034 2029
2034 2029
2032 2028
2033 2028
2033 2028
2033 2028
2034 2029
2033 2028
2033 2028
2033 2028
2033 2028
2033 2028
2033 2027
2033 2029
2033 2028
2033 2028
2032 2027
2033 2028
2032 2027
2033 2027
2033 2027
2032 2027
2033 2028
2032 2027
2032 2027
2033 2028
2033 2027
2033 2027
2033 2027
2033 2027
2033 2027
2033 2027
2032 2026
2033 2027
2033 2028
2033 2027
2033 2028
2033 2029
2033 2028
2034 2029
2033 2028
2033 2028
2033 2028
2033 2028
2033 2028
2032 2027
2033 2028
2033 2028
2033 2029
2033 2028
2033 2028
2033 2028
2033 2028
2033 2028
2033 2028
2033 2028
2033 2028
2032 2028
2032 2027
2033 2027
2033 2027
2033 2027
2032 2027
2032 2027
2033 2027
2033 2027
2033 2028
2033 2027
2033 2028
2032 2027
2033 2028
2033 2028
2033 2028
2033 2028
2033 2028
2033 2027
2033 2028
2033 2027
2033 2028
2033 2028
2033 2028
2033 2028
2033 2028
2033 2028
2033 2028
2033 2028
2033 2027
2032 2027
2033 2027
2033 2027
2033 2027
2032 2027
2033 2027
2032 2027
2032 2027
2033 2028
2033 2027
2033 2027
2032 2026
2032 2027
2032 2027
2032 2027
2033 2027
2032 2027
2033 2027
2033 2027
2033 2028
2033 2027
2033 2028
2033 2028
2032 2027
2033 2027
2033 2028
2033 2027
2033 2028
2032 2027
2033 2028
2033 2028
2033 2028
2033 2027
2033 2027
2033 2027
2033 2027
2033 2027
2033 2027
2033 2027
2033 2027
2033 2028
2032 2027
2033 2027
2032 2027
2032 2027
2033 2027
2033 2027
2033 2028
2032 2027
2033 2027
2033 2027
2033 2027
2033 2028
2033 2028
2033 2027
2034 2028
2033 2027
2033 2028
2033 2028
2033 2028
2033 2028
2033 2028
2033 2028
2033 2027
2033 2028
2033 2028
2033 2028
2033 2027
2033 2028
2033 2028
2032 2027
2034 2028
2033 2028
2033 2028
2032 2026
2033 2028
2033 2028
2033 2028
2032 2027
2032 2027
2032 2027
2033 2026
2033 2027
2033 2027
2032 2026
2033 2027
2033 2027
2033 2027
2033 2027
2033 2027
2033 2027
2033 2028
2033 2027
2033 2027
2033 2027
2033 2028
2033 2027
2034 2028
2033 2028
2033 2028
2033 2028
2033 2027
2033 2028
2033 2027
2033 2028
2033 2027
2033 2028
2033 2027
2033 2028
2033 2027
2033 2027
2033 2028
2033 2027
2033 2027
2032 2027
2033 2027
2032 2027
2033 2027
2032 2027
2032 2027
2032 2026
2032 2027
2033 2028
2033 2027
2033 2027
2033 2027
2033 2028
2033 2028
2033 2028
2033 2028
2033 2028
2033 2027
2033 2028
2034 2028
2033 2027
2033 2028
2033 2027
2033 2028
2033 2027
2033 2028
2033 2027
2033 2027
2033 2028
2033 2028
2033 2028
2033 2028
2032 2027
2033 2028
2033 2028
2033 2027
2033 2028
2033 2028
2032 2026
2032 2028
2033 2027
2032 2027
2033 2027
2032 2027
2033 2027
2033 2027
2033 2027
2033 2027
2033 2027
2033 2028
2032 2026
2033 2028
2033 2028
2033 2028
2033 2027
2033 2027
2033 2027
2033 2027
2033 2028
2033 2028
2033 2028
2033 2028
2033 2028
2033 2027
2033 2027
2033 2028
2033 2028
2033 2027
2032 2027
2032 2027
2033 2027
2032 2027
2033 2027
2033 2027
2033 2028
2032 2027
2033 2028
2033 2027
2033 2028
2033 2027
2032 2027
2033 2027
2033 2028
2033 2027
2033 2028
2033 2027
2033 2027
2033 2027
2033 2028
2033 2028
2033 2027
2033 2028
2033 2027
2033 2027
2033 2027
2033 2027
2032 2027
2033 2028
2033 2027
2033 2028
2033 2028
2033 2027
2032 2027
2033 2028
2032 2027
2032 2027
2032 2027
2033 2027
2033 2027
2033 2027
2033 2028
2033 2028
2033 2028
2033 2028
2033 2027
2033 2028
2033 2028
2033 2028
2033 2028
2033 2028
2033 2028
2033 2028
2033 2028
2033 2027
2033 2028
2033 2027
2033 2028
2033 2027
2033 2028
2033 2028
2033 2027
2033 2028
2033 2028
2033 2028
2033 2028
2033 2028
2033 2027
2032 2028
2061 2057
2652 2608
2913 2862
2932 2884
2935 2892
2937 2896
2938 2900
2939 2903
2939 2906
2940 2909
2941 2911
2940 2913
2942 2915
2942 2917
2940 2918
2942 2919
2943 2921
2941 2921
2943 2922
2943 2924
2942 2924
2943 2925
2943 2926
2943 2926
2944 2927
2943 2927
2944 2927
2943 2927
2944 2928
2944 2928
2942 2929
2945 2928
2943 2929
2944 2928
2943 2928
2943 2928
2943 2928
2943 2928
2943 2928
2942 2928
2944 2928
2941 2929
2945 2928
2941 2928
2944 2929
2943 2928
2943 2928
2943 2928
2943 2928
2944 2929
2943 2929
2943 2929
2943 2929
2945 2929
2944 2930
2945 2930
2945 2930
2944 2930
2945 2930
2945 2930
2943 2931
2945 2930
2944 2930
2943 2930
2947 2930
2943 2930
2944 2929
2945 2929
2943 2929
2944 2929
2944 2929
2943 2928
2944 2929
2943 2928
2943 2929
2943 2928
2943 2929
2943 2928
2943 2930
2943 2929
2943 2929
2945 2929
2942 2929
2944 2929
2944 2930
2944 2930
2944 2930
2944 2930
2945 2930
2944 2930
2945 2930
2945 2931
2945 2930
2944 2930
2944 2931
2945 2931
2944 2931
2945 2930
2944 2930
2945 2930
2944 2930
2945 2930
2944 2930
2945 2930
2944 2930
2943 2929
2944 2929
2943 2928
2944 2928
2943 2929
2943 2929
2943 2929
2944 2929
2943 2928
2942 2928
2944 2929
2943 2929
2944 2929
2943 2930
2944 2929
2943 2929
2945 2930
2944 2930
2945 2930
2944 2930
2945 2931
2945 2931
2944 2930
2945 2930
2945 2930
2945 2931
2944 2931
2945 2931
2943 2930
2946 2931
2944 2930
2943 2930
2945 2930
2943 2930
2943 2929
2944 2929
2944 2929
2943 2930
2943 2929
2944 2930
2943 2929
2944 2929
2942 2929
2944 2929
2943 2929
2945 2929
2943 2929
2945 2930
2942 2929
2945 2930
2943 2931
2946 2930
2943 2930
2947 2930
2943 2930
2947 2930
2942 2930
2947 2931
2943 2930
2946 2930
2944 2930
2946 2930
2943 2930
2945 2930
2944 2930
2945 2930
2944 2930
2945 2930
2943 2929
2945 2929
2943 2930
2944 2930
2942 2929
2945 2930
2942 2929
2945 2929
2943 2929
2945 2929
2943 2930
2946 2930
2943 2930
2944 2929
2944 2930
2944 2930
2944 2930
2944 2930
2944 2930
2945 2930
2944 2931
2945 2931
2945 2931
2944 2930
2944 2931
2944 2930
2945 2930
2944 2930
2946 2931
2944 2931
2945 2930
2944 2930
2945 2930
2944 2930
2945 2930
2944 2930
2944 2929
2943 2929
2945 2929
2942 2929
2946 2929
2942 2929
2945 2929
2943 2929
2944 2929
2943 2930
2944 2929
2943 2930
2945 2930
2942 2929
2945 2930
2943 2930
2946 2930
2944 2930
2945 2930
2944 2930
2945 2930
2944 2930
2945 2930
2943 2930
2945 2930
2945 2930
2944 2930
2945 2930
2944 2929
2945 2930
2943 2930
2946 2929
2943 2929
2945 2929
2944 2929
2944 2929
2944 2929
2944 2929
2942 2929
2946 2930
2942 2929
2946 2929
2944 2929
2945 2929
2943 2929
2945 2929
2944 2930
2945 2930
2944 2930
2944 2930
2944 2930
2945 2930
2943 2930
2946 2930
2944 2930
2944 2930
2945 2930
2946 2931
2943 2931
2945 2930
2943 2930
2945 2930
2943 2930
2946 2929
2944 2930
2946 2930
2943 2930
2946 2930
2944 2930
2944 2929
2943 2929
2944 2929
2943 2929
2944 2929
2943 2929
2945 2929
2943 2929
2945 2930
2943 2930
2944 2929
2944 2930
2943 2930
2945 2930
2943 2930
2945 2929
2944 2930
2946 2930
2943 2930
2945 2929
2944 2930
2945 2929
2945 2930
2944 2930
2945 2930
2945 2930
2944 2930
2946 2930
2943 2930
2945 2929
2944 2930
2944 2929
2943 2930
2944 2929
2944 2929
2944 2929
2944 2930
2945 2929
2943 2930
2944 2930
2944 2930
2944 2930
2944 2929
2944 2930
2944 2930
2945 2930
2945 2930
2943 2930
2945 2930
2943 2930
2944 2930
2944 2930
2945 2929
2944 2930
2944 2930
2945 2931
2945 2930
2944 2930
2945 2930
2945 2930
2945 2930
2945 2930
2944 2930
2945 2929
2944 2930
2944 2929
2944 2930
2944 2929
2943 2929
2943 2929
2944 2929
2944 2929
2944 2929
2943 2929
2944 2929
2943 2929
2944 2929
2943 2930
2944 2929
2944 2930
2943 2930
2944 2929
2944 2929
2943 2929
2946 2930
2942 2930
2947 2930
2942 2931
2945 2930
2944 2930
2946 2931
2944 2930
2946 2930
2944 2930
2945 2930
2944 2930
2945 2930
2944 2930
2945 2930
2944 2930
2944 2929
2944 2929
2943 2929
2944 2929
2943 2929
2944 2929
2944 2929
2943 2929
2944 2930
2943 2929
2944 2929
2942 2928
2944 2929
2943 2929
2946 2929
2943 2930
2945 2930
2942 2930
2945 2930
2942 2930
2946 2930
2943 2930
2946 2930
2943 2930
2945 2930
2943 2930
2945 2930
2943 2929
2946 2930
2943 2930
2946 2930
2945 2930
2945 2930
2944 2930
2944 2929
2943 2929
2945 2929
2943 2929
2945 2929
2942 2929
2944 2929
2943 2928
2945 2928
2941 2929
2945 2929
2943 2930
2944 2929
2943 2929
2945 2929
2944 2930
2945 2930
2945 2930
2945 2930
2943 2930
2945 2930
2944 2930
2945 2930
2943 2930
2946 2930
2944 2930
2946 2930
2944 2930
2945 2930
2944 2930
2946 2930
2945 2930
2945 2930
2944 2930
2944 2930
2945 2930
2943 2930
2946 2930
2943 2930
2945 2929
2943 2929
2943 2929
2943 2929
2943 2929
2944 2929
2942 2929
2944 2929
2944 2929
2943 2929
2943 2929
2943 2929
2943 2929
2944 2930
2944 2929
2944 2930
2944 2930
2943 2929
2944 2929
2943 2930
2946 2930
2943 2929
2946 2930
2944 2930
2945 2930
2944 2930
2944 2930
2945 2930
2945 2930
2946 2931
2945 2930
2945 2931
2945 2930
2944 2930
2945 2930
2943 2929
2945 2929
2943 2929
2945 2929
2942 2929
2945 2929
2941 2929
2945 2929
2941 2929
2946 2929
2943 2930
2946 2930
2943 2929
2946 2929
2943 2930
2946 2929
2942 2930
2945 2929
2943 2930
2946 2930
2942 2930
2947 2930
2942 2930
2947 2930
2943 2930
2946 2931
2944 2931
2946 2930
2945 2931
2946 2931
2943 2931
2947 2931
2944 2931
2947 2931
2943 2930
2945 2930
2943 2930
2945 2930
2942 2930
2945 2929
2943 2929
2945 2929
2943 2929
2945 2929
2942 2929
2945 2929
2943 2929
2945 2929
2943 2930
2944 2929
2946 2930
2944 2931
2944 2930
2944 2930
2944 2930
2944 2931
2945 2930
2943 2930
2946 2931
2943 2930
2946 2930
2944 2930
2946 2930
2944 2931
2946 2931
2944 2930
2946 2931
2944 2930
2945 2930
2944 2930
2946 2931
2944 2930
2945 2930
2943 2930
2944 2930
2943 2930
2945 2929
2944 2930
2943 2929
2943 2929
2943 2929
2944 2929
2944 2929
2943 2929
2944 2929
2944 2929
2945 2929
2943 2929
2944 2930
2944 2930
2944 2930
2945 2930
2944 2930
2946 2931
2944 2930
2945 2930
2945 2930
2945 2930
2945 2930
2945 2930
2945 2930
2946 2931
2945 2931
2945 2931
2945 2931
2944 2930
2945 2930
2944 2931
2944 2931
2944 2930
2943 2930
2944 2930
2943 2930
2943 2929
2943 2930
2943 2929
2943 2929
2944 2929
2944 2929
2944 2929
2943 2930
2945 2929
2944 2930
2945 2930
2944 2930
2945 2931
2944 2931
2945 2931
2944 2931
2944 2931
2946 2931
2944 2931
2946 2931
2943 2931
2947 2931
2943 2931
2946 2930
2944 2931
2946 2931
2944 2931
2945 2930
2943 2930
2945 2931
2944 2931
2945 2930
2943 2930
2945 2930
2941 2929
2945 2930
2944 2930
2943 2930
2943 2930
2943 2930
2943 2930
2944 2929
2942 2930
2946 2930
2943 2930
2946 2930
2943 2930
2945 2930
2943 2930
2946 2930
2943 2930
2945 2930
2943 2930
2945 2930
2944 2931
2945 2931
2945 2931
2945 2931
2945 2932
2945 2931
2945 2931
2947 2931
2943 2931
2946 2931
2944 2931
2945 2931
2944 2931
2945 2931
2943 2930
2945 2930
2943 2931
2945 2930
2943 2929
2944 2930
2943 2930
2944 2930
2943 2930
2944 2930
2943 2930
2944 2930
2943 2930
2945 2931
2944 2930
2945 2931
2944 2930
2945 2930
2944 2931
2945 2931
2945 2931
2944 2931
2945 2930
2943 2930
2947 2931
2942 2931
2947 2931
2942 2931
2945 2930
2944 2931
2946 2931
2944 2932
2946 2931
2944 2931
2945 2931
2944 2931
2945 2931
2943 2931
2945 2931
2943 2931
2945 2931
2943 2931
2944 2930
2944 2930
2944 2930
2944 2930
2944 2930
2945 2930
2944 2930
2945 2930
2944 2931
2945 2930
2944 2930
2945 2931
2944 2930
2944 2931
2945 2931
2944 2931
2945 2931
2944 2932
2947 2931
2944 2931
2945 2931
2945 2931
2944 2931
2944 2932
2945 2931
2943 2931
2946 2931
2943 2931
2945 2931
2943 2931
2946 2930
2943 2931
2946 2931
2943 2931
2945 2930
2942 2931
2946 2930
2942 2931
2946 2931
2943 2930
2945 2930
2943 2931
2945 2930
2942 2931
2946 2931
2943 2931
2946 2931
2943 2931
2946 2930
2944 2931
2945 2931
2945 2931
2945 2931
2945 2932
2945 2932
2945 2932
2945 2932
2944 2932
2946 2932
2943 2931
2946 2931
2944 2931
2945 2931
2944 2931
2945 2931
2944 2931
2945 2930
2944 2931
2945 2931
2944 2931
2944 2931
2944 2930
2944 2930
2944 2930
2944 2931
2945 2931
2943 2931
2945 2930
2943 2930
2945 2930
2943 2930
2946 2931
2943 2931
2946 2931
2944 2931
2947 2931
2943 2931
2946 2931
2944 2931
2946 2931
2944 2931
2946 2932
2943 2931
2947 2932
2942 2932
2947 2932
2943 2932
2946 2932
2944 2931
2944 2931
2944 2932
2945 2931
2945 2932
2944 2931
2945 2931
2944 2931
2944 2930
2944 2931
2944 2931
2944 2931
2943 2931
2945 2931
2944 2931
2944 2931
2945 2931
2943 2931
2945 2931
2943 2931
2946 2931
2943 2931
2945 2931
2944 2931
2946 2931
2943 2931
2946 2931
2943 2930
2947 2931
2942 2931
2947 2931
2943 2931
2947 2932
2944 2931
2945 2931
2944 2931
2946 2931
2944 2931
2945 2931
2946 2932
2944 2931
2945 2931
2944 2931
2945 2932
2944 2931
2944 2931
2944 2931
2946 2931
2943 2931
2945 2931
2944 2931
2944 2931
2945 2931
2944 2931
2945 2931
2944 2931
2943 2930
2944 2930
2944 2930
2944 2931
2944 2931
2946 2931
2943 2930
2946 2931
2944 2931
2946 2932
2944 2931
2946 2931
2944 2931
2946 2931
2944 2931
2946 2932
2944 2931
2945 2931
2944 2931
2945 2932
2945 2932
2943 2931
2945 2931
2944 2931
2944 2931
2944 2931
2943 2931
2944 2931
2943 2931
2944 2931
2943 2931
2945 2931
2943 2931
2945 2931
2943 2931
2945 2931
2943 2931
2946 2931
2943 2931
2946 2931
2943 2931
2946 2931
2943 2931
2947 2932
2944 2932
2946 2932
2944 2931
2945 2931
2944 2931
2946 2932
2944 2932
2945 2932
2943 2931
2947 2931
2944 2931
2946 2932
2943 2931
2947 2932
2943 2931
2946 2931
2943 2931
2946 2931
2943 2931
2946 2931
2943 2931
2945 2931
2943 2931
2945 2931
2944 2931
2946 2931
2942 2931
2946 2932
2943 2931
2945 2931
2942 2931
2946 2931
2943 2931
2946 2931
2943 2931
2946 2931
2942 2931
2947 2931
2943 2932
2945 2931
2945 2931
2945 2931
2945 2931
2944 2932
2944 2931
2945 2931
2945 2931
2944 2931
2945 2931
2945 2931
2944 2931
2945 2931
2945 2931
2945 2931
2944 2931
2945 2931
2944 2930
2945 2931
2943 2930
2945 2930
2942 2929
2946 2931
2942 2930
2945 2931
2943 2930
2945 2931
2943 2931
2945 2931
2944 2931
2944 2931
2945 2931
2945 2931
2944 2931
2946 2931
2944 2932
2946 2931
2943 2931
2947 2932
2944 2931
2945 2932
2946 2932
2945 2932
2945 2932
2945 2931
2945 2931
2945 2932
2945 2931
2945 2931
2945 2931
2944 2931
2945 2931
2943 2930
2945 2931
2907 2898
2302 2337
2064 2089
2043 2062
2045 2055
2043 2050
2044 2049
2043 2046
2042 2047
2042 2044
2040 2044
2040 2043
2039 2041
2039 2041
2039 2041
2038 2039
2039 2038
2038 2037
2038 2036
2038 2035
2037 2035
2037 2035
2036 2034
2036 2034
2036 2033
2036 2033
2036 2033
2036 2032
2035 2032
2035 2031
2035 2031
2035 2031
2035 2031
2034 2029
2034 2030
2034 2030
2034 2030
2034 2030
2034 2030
2034 2030
2034 2030
2034 2029
2034 2030
2033 2029
2034 2030
2033 2029
2034 2030
2034 2030
2034 2030
2034 2030
2034 2029
2034 2030
2034 2029
2033 2029
2034 2030
2034 2029
2034 2030
2034 2029
2034 2029
2034 2029
2034 2029
2034 2029
2034 2029
2033 2029
2034 2029
2033 2029
2033 2029
2033 2028
2033 2029
2034 2029
2033 2028
2034 2029
2033 2029
2033 2028
2034 2029
2033 2028
2032 2028
2033 2028
2033 2029
2033 2029
2033 2029
2033 2029
2033 2028
2033 2029
2033 2029
2033 2029
2033 2028
2033 2029
2034 2029
2033 2029
2033 2029
2034 2029
2034 2030
2034 2030
2033 2030
2034 2029
2033 2029
2033 2029
2034 2029
2033 2029
2033 2029
2033 2029
2034 2029
2034 2029
2033 2029
2033 2028
2033 2029
2033 2028
2033 2029
2033 2029
2033 2029
2033 2029
2033 2028
2033 2029
2033 2029
2033 2029
2034 2029
2033 2029
2033 2029
2033 2028
2033 2030
2033 2029
2033 2029
2033 2029
2033 2029
2033 2029
2033 2029
2034 2029
2034 2029
2034 2029
2033 2029
2034 2029
2033 2029
2034 2030
2033 2029
2033 2029
2033 2029
2033 2029
2033 2028
2033 2028
2033 2029
2033 2028
2033 2029
2033 2028
2033 2029
2033 2029
2033 2029
2033 2029
2033 2029
2033 2028
2033 2029
2033 2029
2033 2029
2033 2028
2033 2029
2033 2029
2033 2029
2033 2029
2033 2029
2033 2028
2033 2029
2033 2029
2033 2029
2033 2028
2033 2030
2033 2029
2033 2029
2033 2029
2034 2029
2034 2029
2034 2029
2033 2029
2033 2029
2034 2029
2033 2029
2033 2029
2034 2029
2033 2028
2033 2030
2033 2028
2033 2029
2033 2029
2033 2029
2033 2028
2033 2028
2034 2029
2033 2029
2033 2029
2033 2029
2033 2029
2032 2028
2032 2028
2033 2029
2032 2028
2032 2028
2032 2028
2033 2029
2033 2029
2032 2028
2033 2029
2033 2029
2033 2029
2033 2029
2033 2029
2034 2029
2033 2029
2033 2029
2033 2029
2033 2029
2033 2029
2033 2029
2034 2029
2034 2029
2033 2029
2033 2029
2033 2029
2033 2029
2033 2029
2033 2029
2033 2029
2033 2029
2033 2029
2033 2029
2033 2029
2033 2029
2033 2029
2032 2028
2033 2029
2033 2029
2032 2028
2033 2029
2033 2029
2033 2029
2033 2029
2033 2028
2033 2029
2032 2029
2032 2028
2033 2028
2033 2028
2033 2029
2033 2028
2033 2029
2034 2029
2033 2029
2033 2029
2033 2029
2033 2029
2034 2029
2033 2029
2033 2030
2033 2029
2033 2029
2033 2029
2033 2029
2033 2029
2033 2029
2033 2029
2033 2029
2033 2029
2033 2029
2033 2029
2033 2029
2033 2029
2033 2029
2033 2029
2033 2029
2033 2029
2033 2029
2033 2029
2033 2029
2033 2029
2033 2029
2033 2029
2033 2029
2033 2029
2033 2029
2033 2028
2033 2030
2034 2029
2033 2029
2033 2029
2033 2029
2034 2029
2033 2029
2034 2029
2033 2029
2033 2029
2033 2029
2033 2029
2033 2029
2034 2030
2033 2029
2033 2030
2033 2029
2033 2030
2033 2029
2033 2029
2033 2029
2033 2029
2033 2029
2033 2029
2033 2029
2033 2028
2033 2029
2033 2029
2033 2029
2032 2029
2033 2029
2033 2029
2033 2029
2033 2029
2032 2028
2033 2029
2033 2029
2033 2029
2033 2029
2033 2029
2034 2029
2032 2028
2033 2029
2033 2029
2033 2030
2033 2029
2033 2029
2033 2029
2033 2029
2034 2029
2033 2029
2033 2029
2033 2029
2033 2029
2033 2030
2033 2029
2033 2029
2033 2029
2033 2029
2033 2029
2033 2029
2033 2029
2033 2029
2034 2029
2033 2029
2033 2029
2033 2029
2033 2029
2033 2029
2033 2029
2033 2029
2033 2029
2033 2029
2033 2029
2033 2029
2033 2029
2033 2029
2033 2029
2033 2029
2033 2029
2033 2029
2033 2029
2033 2029
2033 2029
2033 2029
2033 2029
2034 2030
2033 2029
2033 2029
2033 2029
2033 2030
2033 2029
2033 2029
2033 2029
2033 2029
2033 2029
2033 2030
2033 2029
2033 2029
2033 2029
2033 2029
2033 2029
2033 2030
2033 2029
2033 2029
2033 2028
2032 2029
2033 2028
2033 2028
2032 2028
2033 2029
2033 2028
2032 2029
2032 2028
2033 2029
2033 2029
2033 2029
2033 2029
2033 2029
2033 2029
2034 2029
2034 2029
2033 2029
2033 2030
2033 2029
2033 2029
2033 2029
2033 2030
2033 2029
2033 2030
2033 2029
2033 2030
2033 2030
2033 2029
2032 2029
2033 2030
2033 2029
2033 2029
2033 2029
2033 2029
2032 2029
2032 2029
2033 2029
2033 2029
2033 2029
2032 2029
2033 2029
2033 2029
2033 2029
2033 2029
2033 2029
2032 2029
2034 2029
2033 2029
2033 2029
2033 2029
2033 2029
2033 2029
2033 2029
2033 2029
2033 2029
2033 2029
2033 2029
2033 2030
2033 2029
2033 2030
2033 2029
2033 2030
2033 2029
2033 2029
2034 2030
2033 2029
2033 2029
2033 2029
2033 2029
2033 2029
2033 2029
2033 2029
2033 2029
2033 2029
2033 2029
2033 2029
2033 2029
2033 2029
2033 2029
2033 2029
2033 2029
2032 2029
2033 2029
2033 2029
2033 2029
2033 2029
2033 2029
2033 2029
2034 2030
2033 2029
2033 2030
2033 2029
2033 2030
2033 2029
2033 2030
2033 2029
2033 2029
2033 2029
2033 2029
2033 2029
2033 2029
2033 2029
2033 2029
2034 2030
2033 2030
2033 2029
2033 2029
2033 2029
2033 2029
2033 2029
2033 2029
2033 2029
2033 2029
2033 2029
2033 2029
2033 2029
2033 2029
2034 2029
2033 2029
2033 2029
2033 2029
2034 2030
2033 2029
2033 2030
2032 2029
2033 2029
2034 2030
2033 2030
2032 2029
2033 2030
2033 2030
2033 2030
2034 2030
2033 2029
2033 2030
2033 2029
2033 2029
2033 2029
2033 2029
2033 2029
2033 2029
2033 2029
2032 2029
2033 2029
2032 2029
2033 2029
2033 2029
2033 2029
2033 2029
2033 2029
2032 2028
2033 2029
2032 2028
2032 2029
2033 2028
2033 2030
2033 2029
2032 2029
2033 2029
2033 2029
2033 2029
2033 2029
2033 2030
2032 2028
2033 2029
2033 2029
2033 2029
2034 2029
2034 2029
2033 2029
2033 2029
2033 2029
2033 2030
2033 2029
2033 2029
2033 2029
2033 2029
2033 2029
2033 2028
2033 2029
2032 2029
2032 2029
2032 2029
2032 2028
2032 2029
2033 2028
2033 2029
2032 2028
2032 2029
2033 2029
2033 2029
2033 2029
2033 2030
2033 2029
2033 2029
2033 2029
2033 2029
2033 2029
2033 2029
2033 2029
2033 2029
2033 2029
2033 2029
2033 2030
2033 2030
2033 2030
2033 2030
2033 2029
2033 2030
2033 2029
2033 2029
2033 2030
2032 2029
2033 2029
2033 2029
2033 2029
2033 2029
2033 2029
2032 2028
2033 2029
2032 2028
2032 2028
2033 2028
2033 2029
2033 2029
2032 2028
2033 2029
2032 2029
2033 2029
2033 2029
2033 2030
2033 2029
2033 2029
2033 2030
2033 2029
2033 2029
2033 2030
2033 2028
2033 2030
2033 2029
2033 2030
2033 2029
2033 2030
2033 2029
2033 2029
2033 2029
2034 2030
2033 2028
2033 2029
2033 2029
2033 2029
2033 2029
2033 2028
2033 2029
2033 2029
2033 2029
2032 2029
2033 2029
2033 2029
2032 2028
2033 2029
2032 2028
2033 2028
2033 2029
2033 2029
2033 2029
2033 2028
2033 2029
2033 2029
2033 2028
2033 2029
2033 2028
2034 2030
2033 2029
2033 2029
2033 2029
2033 2029
2033 2029
2033 2029
2033 2029
2033 2029
2033 2029
2033 2029
2033 2029
2033 2029
2033 2029
2033 2029
2032 2029
2032 2028
2033 2029
2033 2029
2033 2029
2033 2029
2033 2029
2033 2029
2033 2029
2033 2029
2032 2028
2032 2029
2032 2028
2032 2029
2033 2028
2033 2029
2033 2028
2033 2029
2033 2029
2033 2029
2033 2029
2033 2029
2033 2029
2033 2029
2034 2029
2033 2029
2033 2029
2033 2029
2033 2029
2033 2029
2033 2029
2033 2029
2032 2029
2033 2030
2033 2029
2033 2029
2033 2029
2034 2030
2033 2029
2033 2029
2033 2028
2033 2028
2033 2029
2033 2029
2032 2029
2032 2029
2033 2029
2033 2029
2033 2029
2033 2029
2033 2029
2033 2029
2034 2029
2033 2029
2033 2029
2033 2029
2033 2029
2033 2029
2033 2028
2033 2029
2033 2029
2033 2029
2033 2028
2033 2029
2033 2028
2033 2029
2033 2029
2033 2029
2033 2029
2032 2028
2032 2029
2033 2029
2033 2029
2033 2029
2033 2029
2033 2029
2033 2029
2033 2029
2033 2028
2033 2029
2033 2029
2032 2029
2033 2028
2033 2029
2033 2029
2033 2029
2033 2028
2033 2029
2033 2028
2033 2029
2033 2029
2033 2029
2033 2029
2034 2029
2033 2029
2033 2029
2033 2030
2033 2030
2033 2029
2033 2030
2033 2029
2033 2030
2033 2029
2033 2029
2033 2029
2033 2029
2033 2029
2034 2030
2033 2029
2033 2029
2033 2028
2033 2029
2033 2029
2032 2029
2033 2029
2033 2029
2032 2029
2032 2029
2033 2029
2033 2029
2032 2029
2033 2029
2033 2029
2033 2028
2033 2029
2033 2029
2033 2029
2033 2028
2033 2029
2033 2029
2033 2029
2033 2029
2033 2029
2033 2029
2033 2030
2033 2029
2033 2029
2033 2029
2033 2029
2033 2029
2033 2029
2033 2029
2033 2029
2033 2029
2033 2028
2033 2029
2033 2029
2033 2028
2033 2028
2033 2029
2033 2029
2032 2029
2032 2028
2033 2030
2033 2029
2033 2029
2033 2029
2033 2029
2033 2029
2034 2029
2034 2029
2033 2029
2033 2029
2033 2029
2033 2029
2033 2029
2033 2029
2033 2029
2033 2030
2033 2030
2033 2029
2033 2030
2033 2029
2033 2029
2033 2029
2033 2030
2033 2029
2033 2029
2033 2029
2032 2028
2033 2028
2032 2029
2033 2028
2033 2029
2033 2028
2033 2029
2033 2029
2033 2029
2034 2029
2033 2029
2033 2029
2033 2030
2033 2029
2033 2029
2033 2029
2033 2030
2033 2029
2033 2030
2033 2029
2033 2029
2033 2029
2033 2029
2033 2029
2033 2029
2033 2029
2033 2029
2033 2029
2033 2030
2033 2030
2033 2029
2033 2029
2033 2029
2033 2029
2032 2029
2033 2029
2033 2029
2033 2029
2032 2029
2033 2029
2033 2029
2032 2029
2032 2029
2033 2029
2033 2029
2033 2029
2033 2029
2033 2029
2033 2029
2033 2029
2033 2029
2033 2029
2033 2029
2033 2029
2034 2029
2033 2029
2033 2029
2033 2029
2034 2029
2033 2029
2033 2029
2033 2029
2033 2029
2033 2029
2033 2029
2033 2029
2033 2029
2033 2029
2033 2029
2034 2030
2033 2029
2033 2029
2033 2029
2033 2029
2033 2029
2033 2029
2032 2029
2032 2029
2032 2028
2032 2028
2033 2029
2033 2029
2032 2029
2033 2029
2033 2028
2033 2029
2033 2029
2033 2030
2033 2029
2033 2029
2033 2030
2033 2029
2033 2029
2033 2029
2033 2030
2033 2029
2033 2030
2034 2029
2034 2030
2033 2029
2033 2030
2033 2030
2033 2030
2033 2029
2033 2029
2033 2029
2033 2030
2033 2029
2033 2029
2032 2029
2033 2029
2032 2028
2032 2029
2033 2029
2032 2028
2033 2029
2032 2029
2033 2029
2033 2029
2033 2029
2033 2029
2033 2028
2033 2030
2033 2028
2033 2029
2033 2029
2033 2029
2033 2028
2033 2029
2033 2029
2033 2029
2033 2030
2033 2029
2033 2029
2033 2029
2033 2030
2033 2029
2033 2029
2033 2029
2034 2030
2033 2029
2033 2029
2033 2029
2033 2029
2033 2029
2032 2029
2033 2030
2033 2029
2033 2030
2032 2029
2061 2059
}
MSJ Captura escrita en 2002 ms.